0,0,0
0,0,0
0,0,0
4,0,0
11,0,0
66,0,0
218,34,34
255,18,18
255,18,18
255,18,18
255,18,18
254,19,16
250,22,13
241,49,2
255,153,32
255,168,11
255,168,11
255,168,11
255,168,11
253,169,9
249,172,6
250,195,7
255,247,21
255,255,9
255,255,9
255,255,9
255,255,9
254,255,9
251,255,11
215,255,21
104,242,0
73,255,12
73,255,12
73,255,12
73,255,12
73,254,19
72,252,33
58,233,96
20,184,193
15,174,255
15,174,255
15,174,255
15,174,255
18,173,255
24,170,255
52,146,255
87,85,248
118,68,255
118,68,255
118,68,255
118,68,255
117,70,246
115,74,228
63,36,143
3,0,28
0,0,0
0,0,0
0,0,0
0,0,0
0,0,0
0,0,0
0,0,0
0,0,0
4,0,0
11,0,0
66,0,0
218,34,34
255,18,18
255,18,18
255,18,18
255,18,18
254,19,16
250,22,13
241,49,2
255,153,32
255,168,11
255,168,11
255,168,11
255,168,11
253,169,9
249,172,6
250,195,6
255,247,20
255,255,9
255,255,9
255,255,9
255,255,9
254,255,9
251,255,11
215,255,21
104,242,0
73,255,12
73,255,12
73,255,12
73,255,12
73,254,19
72,252,33
58,233,94
20,185,191
15,174,255
15,174,255
15,174,255
15,174,255
18,173,255
24,170,255
52,146,255
87,85,248
118,68,255
118,68,255
118,68,255
118,68,255
117,70,246
115,74,228
63,36,143
3,0,28
0,0,0
0,0,0
0,0,0
0,0,0
0,0,0
0,0,0
0,0,0
0,0,0
4,0,0
11,0,0
67,0,0
218,34,34
255,18,18
255,18,18
255,18,18
255,18,18
254,19,16
252,21,13
241,49,2
255,153,32
255,168,11
255,168,11
255,168,11
255,168,11
253,169,9
250,171,6
252,194,7
255,247,21
255,255,9
255,255,9
255,255,9
255,255,9
254,255,9
252,255,11
216,255,21
104,242,0
73,255,12
73,255,12
73,255,12
73,255,12
73,254,19
72,252,33
58,233,96
20,184,193
15,174,255
15,174,255
15,174,255
15,174,255
18,173,255
24,170,255
52,146,255
87,85,248
118,68,255
118,68,255
118,68,255
118,68,255
117,70,246
115,74,230
64,35,143
3,0,28
0,0,0
0,0,0
0,0,0
0,0,0
0,0,0
0,0,0
0,0,0
0,0,0
4,0,0
11,0,0
67,0,0
218,34,34
255,18,18
255,18,18
255,18,18
255,18,18
254,19,16
252,21,13
241,49,2
255,153,32
255,168,11
255,168,11
255,168,11
255,168,11
253,169,9
250,171,6
252,194,6
255,247,20
255,255,9
255,255,9
255,255,9
255,255,9
254,255,9
252,255,11
216,255,21
104,242,0
73,255,12
73,255,12
73,255,12
73,255,12
73,254,19
72,252,33
58,233,94
20,185,191
15,174,255
15,174,255
15,174,255
15,174,255
18,173,255
24,170,255
52,146,255
87,85,248
118,68,255
118,68,255
118,68,255
118,68,255
117,70,246
115,74,230
64,35,143
3,0,28
0,0,0
0,0,0
0,0,0
0,0,0
0,0,0
0,0,0
0,0,0
0,0,0
4,0,0
11,0,0
66,0,0
218,34,34
255,18,18
255,18,18
255,18,18
255,18,18
254,19,16
250,22,13
241,49,2
255,153,32
255,168,11
255,168,11
255,168,11
255,168,11
253,169,9
249,172,6
250,195,7
255,247,21
255,255,9
255,255,9
255,255,9
255,255,9
254,255,9
251,255,11
215,255,21
104,242,0
73,255,12
73,255,12
73,255,12
73,255,12
73,254,19
72,252,33
58,233,96
20,184,193
15,174,255
15,174,255
15,174,255
15,174,255
18,173,255
24,170,255
52,146,255
87,85,248
118,68,255
118,68,255
118,68,255
118,68,255
117,70,246
115,74,228
63,36,143
3,0,28
0,0,0
0,0,0
0,0,0
0,0,0
0,0,0
0,0,0
0,0,0
0,0,0
4,0,0
11,0,0
66,0,0
218,34,34
255,18,18
255,18,18
255,18,18
255,18,18
254,19,16
250,22,13
241,49,2
255,153,32
255,168,11
255,168,11
255,168,11
255,168,11
253,169,9
249,172,6
250,195,6
255,247,20
255,255,9
255,255,9
255,255,9
255,255,9
254,255,9
251,255,11
215,255,21
104,242,0
73,255,12
73,255,12
73,255,12
73,255,12
73,254,19
72,252,33
58,233,94
20,185,191
15,174,255
15,174,255
15,174,255
15,174,255
18,173,255
24,170,255
52,146,255
87,85,248
118,68,255
118,68,255
118,68,255
118,68,255
117,70,246
115,74,228
63,36,143
3,0,28
0,0,0
0,0,0
0,0,0
0,0,0
0,0,0
0,0,0
0,0,0
0,0,0
4,0,0
11,0,0
67,0,0
218,34,34
255,18,18
255,18,18
255,18,18
255,18,18
254,19,16
252,21,13
241,49,2
255,153,32
255,168,11
255,168,11
255,168,11
255,168,11
253,169,9
250,171,6
252,194,7
255,247,21
255,255,9
255,255,9
255,255,9
255,255,9
254,255,9
252,255,11
216,255,21
104,242,0
73,255,12
73,255,12
73,255,12
73,255,12
73,254,19
72,252,33
58,233,96
20,184,193
15,174,255
15,174,255
15,174,255
15,174,255
18,173,255
24,170,255
52,146,255
87,85,248
118,68,255
118,68,255
118,68,255
118,68,255
117,70,246
115,74,230
64,35,143
3,0,28
0,0,0
0,0,0
0,0,0
0,0,0
0,0,0
0,0,0
0,0,0
0,0,0
4,0,0
11,0,0
67,0,0
218,34,34
255,18,18
255,18,18
255,18,18
255,18,18
254,19,16
252,21,13
241,49,2
255,153,32
255,168,11
255,168,11
255,168,11
255,168,11
253,169,9
250,171,6
252,194,6
255,247,20
255,255,9
255,255,9
255,255,9
255,255,9
254,255,9
252,255,11
216,255,21
104,242,0
73,255,12
73,255,12
73,255,12
73,255,12
73,254,19
72,252,33
58,233,94
20,185,191
15,174,255
15,174,255
15,174,255
15,174,255
18,173,255
24,170,255
52,146,255
87,85,248
118,68,255
118,68,255
118,68,255
118,68,255
117,70,246
115,74,230
64,35,143
3,0,28
0,0,0
0,0,0
0,0,0
0,0,0
0,0,0
0,0,0
0,0,0
0,0,0
4,0,0
11,0,0
66,0,0
218,34,34
255,18,18
255,18,18
255,18,18
255,18,18
254,19,16
250,22,13
241,49,2
255,153,32
255,168,11
255,168,11
255,168,11
255,168,11
253,169,9
249,172,6
250,195,7
255,247,21
255,255,9
255,255,9
255,255,9
255,255,9
254,255,9
251,255,11
215,255,21
104,242,0
73,255,12
73,255,12
73,255,12
73,255,12
73,254,19
72,252,33
58,233,96
20,184,193
15,174,255
15,174,255
15,174,255
15,174,255
18,173,255
24,170,255
52,146,255
87,85,248
118,68,255
118,68,255
118,68,255
118,68,255
117,70,246
115,74,228
63,36,143
3,0,28
0,0,0
0,0,0
0,0,0
0,0,0
0,0,0
0,0,0
0,0,0
0,0,0
4,0,0
11,0,0
66,0,0
218,34,34
255,18,18
255,18,18
255,18,18
255,18,18
254,19,16
250,22,13
241,49,2
255,153,32
255,168,11
255,168,11
255,168,11
255,168,11
253,169,9
249,172,6
250,195,6
255,247,20
255,255,9
255,255,9
255,255,9
255,255,9
254,255,9
251,255,11
215,255,21
104,242,0
73,255,12
73,255,12
73,255,12
73,255,12
73,254,19
72,252,33
58,233,94
20,185,191
15,174,255
15,174,255
15,174,255
15,174,255
18,173,255
24,170,255
52,146,255
87,85,248
118,68,255
118,68,255
118,68,255
118,68,255
117,70,246
115,74,228
63,36,143
3,0,28
0,0,0
0,0,0
0,0,0
0,0,0
0,0,0
0,0,0
0,0,0
0,0,0
4,0,0
11,0,0
67,0,0
218,34,34
255,18,18
255,18,18
255,18,18
255,18,18
254,19,16
252,21,13
241,49,2
255,153,32
255,168,11
255,168,11
255,168,11
255,168,11
253,169,9
250,171,6
252,194,7
255,247,21
255,255,9
255,255,9
255,255,9
255,255,9
254,255,9
252,255,11
216,255,21
104,242,0
73,255,12
73,255,12
73,255,12
73,255,12
73,254,19
72,252,33
58,233,96
20,184,193
15,174,255
15,174,255
15,174,255
15,174,255
18,173,255
24,170,255
52,146,255
87,85,248
118,68,255
118,68,255
118,68,255
118,68,255
117,70,246
115,74,230
64,35,143
3,0,28
0,0,0
0,0,0
0,0,0
0,0,0
0,0,0
0,0,0
0,0,0
0,0,0
4,0,0
11,0,0
67,0,0
218,34,34
255,18,18
255,18,18
255,18,18
255,18,18
254,19,16
252,21,13
241,49,2
255,153,32
255,168,11
255,168,11
255,168,11
255,168,11
253,169,9
250,171,6
252,194,6
255,247,20
255,255,9
255,255,9
255,255,9
255,255,9
254,255,9
252,255,11
216,255,21
104,242,0
73,255,12
73,255,12
73,255,12
73,255,12
73,254,19
72,252,33
58,233,94
20,185,191
15,174,255
15,174,255
15,174,255
15,174,255
18,173,255
24,170,255
52,146,255
87,85,248
118,68,255
118,68,255
118,68,255
118,68,255
117,70,246
115,74,230
64,35,143
3,0,28
0,0,0
0,0,0
0,0,0
0,0,0
0,0,0
0,0,0
0,0,0
0,0,0
4,0,0
11,0,0
66,0,0
218,34,34
255,18,18
255,18,18
255,18,18
255,18,18
254,19,16
250,22,13
241,49,2
255,153,32
255,168,11
255,168,11
255,168,11
255,168,11
253,169,9
249,172,6
250,195,7
255,247,21
255,255,9
255,255,9
255,255,9
255,255,9
254,255,9
251,255,11
215,255,21
104,242,0
73,255,12
73,255,12
73,255,12
73,255,12
73,254,19
72,252,33
58,233,96
20,184,193
15,174,255
15,174,255
15,174,255
15,174,255
18,173,255
24,170,255
52,146,255
87,85,248
118,68,255
118,68,255
118,68,255
118,68,255
117,70,246
115,74,228
63,36,143
3,0,28
0,0,0
0,0,0
0,0,0
0,0,0
0,0,0
0,0,0
0,0,0
0,0,0
4,0,0
11,0,0
66,0,0
218,34,34
255,18,18
255,18,18
255,18,18
255,18,18
254,19,16
250,22,13
241,49,2
255,153,32
255,168,11
255,168,11
255,168,11
255,168,11
253,169,9
249,172,6
250,195,6
255,247,20
255,255,9
255,255,9
255,255,9
255,255,9
254,255,9
251,255,11
215,255,21
104,242,0
73,255,12
73,255,12
73,255,12
73,255,12
73,254,19
72,252,33
58,233,94
20,185,191
15,174,255
15,174,255
15,174,255
15,174,255
18,173,255
24,170,255
52,146,255
87,85,248
118,68,255
118,68,255
118,68,255
118,68,255
117,70,246
115,74,228
63,36,143
3,0,28
0,0,0
0,0,0
0,0,0
0,0,0
0,0,0
0,0,0
0,0,0
0,0,0
4,0,0
11,0,0
67,0,0
218,34,34
255,18,18
255,18,18
255,18,18
255,18,18
254,19,16
252,21,13
241,49,2
255,153,32
255,168,11
255,168,11
255,168,11
255,168,11
253,169,9
250,171,6
252,194,7
255,247,21
255,255,9
255,255,9
255,255,9
255,255,9
254,255,9
252,255,11
216,255,21
104,242,0
73,255,12
73,255,12
73,255,12
73,255,12
73,254,19
72,252,33
58,233,96
20,184,193
15,174,255
15,174,255
15,174,255
15,174,255
18,173,255
24,170,255
52,146,255
87,85,248
118,68,255
118,68,255
118,68,255
118,68,255
117,70,246
115,74,228
64,35,143
3,0,28
0,0,0
0,0,0
0,0,0
0,0,0
0,0,0
0,0,0
0,0,0
0,0,0
4,0,0
11,0,0
67,0,0
218,34,34
255,18,18
255,18,18
255,18,18
255,18,18
254,19,16
252,21,13
241,49,2
255,153,32
255,168,11
255,168,11
255,168,11
255,168,11
253,169,9
250,171,6
252,194,7
255,247,21
255,255,9
255,255,9
255,255,9
255,255,9
254,255,9
252,255,11
216,255,21
104,242,0
73,255,12
73,255,12
73,255,12
73,255,12
73,254,19
72,252,33
58,233,94
20,185,191
15,174,255
15,174,255
15,174,255
15,174,255
18,173,255
24,170,255
52,146,255
87,85,248
118,68,255
118,68,255
118,68,255
118,68,255
117,70,246
115,74,228
64,35,143
3,0,28
0,0,0
0,0,0
0,0,0
0,0,0
0,0,0
0,0,0
0,0,0
0,0,0
4,0,0
11,0,0
65,0,0
218,34,34
255,18,18
255,18,18
255,18,18
255,18,18
255,20,17
250,22,13
241,49,2
255,153,32
255,168,11
255,168,11
255,168,11
255,168,11
253,169,9
249,172,6
250,195,7
255,247,21
255,255,11
255,255,9
255,255,9
255,255,9
254,255,9
251,255,11
215,255,21
103,241,0
73,255,12
73,255,12
73,255,12
73,255,12
73,254,19
72,252,33
58,233,96
20,184,193
15,174,255
15,174,255
15,174,255
15,174,255
17,172,254
24,170,255
52,146,255
87,85,248
118,68,255
118,68,255
118,68,255
118,67,255
117,70,248
115,74,228
63,36,143
3,0,28
0,0,0
1,0,0
1,0,0
0,0,0
0,0,0
0,0,0
0,0,0
0,0,0
4,0,0
11,0,0
66,0,0
217,33,33
255,18,18
255,18,18
255,18,18
255,18,18
254,19,16
250,22,13
241,49,2
255,153,32
255,168,11
255,168,11
255,168,11
255,168,11
253,169,9
249,172,6
250,195,7
255,247,21
254,254,10
255,255,9
254,254,8
255,255,9
253,255,8
251,255,11
215,255,21
104,242,0
73,255,12
73,255,12
73,255,12
73,255,12
72,254,19
72,252,33
58,233,94
20,185,191
15,174,255
16,175,255
15,174,255
15,174,255
18,173,255
24,170,255
52,146,255
87,85,248
118,68,255
118,68,255
118,68,255
118,67,255
117,70,248
115,74,228
63,36,143
3,0,28
0,0,0
1,0,0
1,0,0
0,0,0
0,0,0
0,0,0
0,0,0
0,0,2
4,0,0
11,0,0
67,0,0
219,35,35
255,17,17
255,18,18
255,18,18
255,18,18
254,19,16
252,21,13
241,49,2
255,153,32
254,167,10
255,168,11
255,168,11
255,168,11
253,169,9
250,171,6
252,194,7
255,247,21
255,255,9
255,255,9
255,255,9
255,255,11
254,255,11
252,255,11
216,255,21
104,242,0
73,255,12
73,255,12
73,255,12
72,255,12
72,254,19
72,252,31
58,233,94
20,185,191
15,174,255
15,174,255
15,174,255
15,174,255
18,173,255
24,170,255
52,146,255
87,85,246
118,68,253
118,68,255
117,67,254
118,68,255
117,70,246
116,75,231
64,35,143
3,0,28
0,0,0
1,0,0
1,0,0
0,0,2
0,0,2
0,0,0
0,0,0
0,0,2
4,0,0
11,0,0
67,0,0
218,34,34
255,18,18
255,18,18
255,18,18
255,18,18
254,19,16
252,21,13
241,49,2
255,153,32
255,168,11
255,169,12
255,168,11
255,168,11
253,169,9
249,170,5
252,194,6
255,247,20
255,255,9
255,255,9
255,255,9
255,255,11
254,255,11
252,255,11
216,255,21
104,242,0
73,255,12
73,255,12
73,255,12
72,255,12
72,254,19
72,252,31
58,233,94
20,185,191
15,174,255
16,175,255
15,174,255
14,173,254
18,173,255
24,170,255
52,146,255
87,85,246
118,68,253
117,67,254
118,68,255
118,68,255
117,70,246
115,74,228
64,35,143
3,0,28
0,0,0
1,0,0
1,0,0
0,0,2
0,0,2
1,1,1
0,0,0
0,0,0
4,0,0
11,0,0
66,0,0
219,35,35
255,19,19
255,19,19
255,18,18
255,18,18
254,19,16
250,22,13
241,49,2
255,153,32
255,168,11
255,168,11
255,168,11
255,168,11
253,169,9
249,172,6
250,195,7
255,247,21
255,255,9
255,255,9
255,255,9
255,255,9
254,255,9
252,255,11
216,255,21
104,242,0
73,255,12
73,255,12
73,255,12
73,255,12
72,254,19
72,252,33
58,233,94
20,185,191
15,174,255
15,174,255
15,174,255
15,174,255
18,173,255
25,169,255
54,145,255
87,85,248
118,68,255
118,68,255
118,68,255
118,68,253
117,70,246
115,74,228
63,36,143
3,0,28
0,0,0
0,0,0
0,0,0
0,0,0
0,0,0
0,0,0
0,0,0
1,0,0
7,0,0
15,0,0
71,0,0
219,33,34
255,18,18
255,18,18
255,18,18
254,19,16
252,21,15
247,24,9
238,51,0
255,154,32
255,168,11
255,168,11
255,168,11
255,168,11
252,170,9
249,174,5
249,196,6
255,248,20
255,255,10
254,254,8
255,255,9
254,255,9
251,255,11
248,255,13
212,255,23
103,242,0
73,255,12
73,255,12
73,255,14
73,254,15
72,253,24
72,252,43
57,232,103
20,184,194
15,174,255
15,174,255
15,174,255
17,174,255
22,170,255
29,167,255
57,144,255
89,84,248
118,68,255
118,68,255
119,69,254
118,68,251
117,71,242
115,75,224
63,36,139
3,0,28
0,0,0
0,0,0
0,0,0
0,0,0
0,0,0
0,0,0
1,0,0
6,0,0
14,0,0
27,0,0
80,0,0
222,32,32
255,18,18
255,18,18
254,19,16
252,21,15
247,24,9
242,28,4
233,55,0
255,155,31
255,168,11
255,168,11
255,168,11
252,168,8
250,171,8
246,174,2
247,197,2
255,248,20
255,255,9
255,255,9
254,255,9
249,255,11
245,255,13
240,255,16
205,255,26
100,244,0
73,255,12
73,255,12
73,254,15
72,254,22
72,251,38
69,248,60
57,229,117
20,183,200
15,174,255
15,174,255
18,173,255
22,170,255
28,167,255
38,162,255
64,140,255
91,83,248
118,68,255
118,68,255
118,68,253
117,70,248
117,72,237
115,77,216
63,38,132
3,0,25
0,0,0
0,0,0
0,0,0
0,0,0
0,0,0
0,0,0
6,0,0
17,0,0
53,5,5
86,2,2
133,0,0
232,28,29
255,18,18
255,18,18
253,22,16
243,27,6
255,61,22
251,68,11
243,89,1
255,159,25
255,168,11
255,168,11
253,169,9
250,171,6
255,186,12
252,197,8
250,214,4
255,250,16
255,255,9
255,255,9
249,255,11
238,255,16
210,252,5
196,255,12
166,255,19
93,247,3
73,255,12
73,255,12
72,253,24
71,250,47
57,234,66
54,228,104
44,213,156
18,181,216
15,174,255
15,174,255
22,170,255
34,162,255
38,144,253
54,137,255
77,118,255
97,78,248
118,68,255
118,68,255
118,69,249
117,72,237
86,49,189
78,49,157
44,24,93
1,0,18
0,0,0
0,0,0
0,0,0
0,0,0
0,0,0
0,0,0
11,0,0
34,0,0
127,31,32
201,41,41
232,28,29
247,21,22
255,18,18
255,18,18
247,24,9
231,39,0
255,135,55
255,150,40
255,159,25
255,165,17
255,168,11
255,168,11
252,170,8
245,175,1
255,214,22
255,243,27
255,250,16
255,253,11
255,255,9
255,255,9
244,255,14
220,255,25
144,230,0
114,238,0
93,247,3
80,252,8
73,255,12
73,255,12
72,251,37
68,243,88
30,200,111
21,188,170
18,181,216
17,176,242
15,174,255
15,174,255
29,167,255
55,151,255
51,105,239
79,89,246
98,79,249
111,72,253
118,68,255
118,68,255
117,71,242
115,76,217
25,0,99
4,0,44
1,0,18
0,0,5
0,0,0
1,0,0
1,0,0
0,0,0
0,0,0
0,0,0
14,0,0
43,0,0
146,24,23
229,29,29
255,18,18
255,18,18
255,18,18
255,18,18
245,26,6
224,44,0
255,143,43
255,161,22
255,168,11
255,168,11
255,168,11
255,168,11
250,171,6
242,177,0
255,218,15
255,249,18
255,255,9
255,255,9
255,255,9
255,255,9
240,255,16
210,255,29
127,237,0
92,247,5
75,254,12
73,255,12
73,255,12
73,255,12
71,250,44
66,240,107
27,195,143
18,181,216
15,174,255
15,174,255
15,174,255
15,174,255
32,165,255
66,145,255
69,95,242
101,77,251
118,68,255
118,68,255
118,68,255
118,68,255
117,71,239
114,79,209
23,1,83
1,0,21
0,0,0
0,0,0
0,0,0
1,0,0
1,0,0
0,0,0
0,0,0
0,0,0
14,0,0
43,0,0
146,23,25
229,29,31
255,18,18
255,18,18
255,18,18
255,18,18
245,26,6
224,44,0
255,143,45
255,161,24
253,169,11
255,168,11
255,168,11
255,168,11
250,171,6
243,176,0
255,218,17
255,249,18
254,255,9
255,255,9
255,255,9
255,255,9
240,255,16
210,255,29
127,237,0
90,248,5
73,255,14
73,255,12
73,255,12
73,255,12
71,250,44
66,240,106
27,195,143
18,181,216
15,174,255
15,174,255
15,174,255
15,174,255
32,165,255
66,145,255
70,94,244
103,76,251
119,67,255
118,68,255
118,68,255
118,68,255
117,71,239
114,79,209
24,0,84
3,0,23
0,0,0
0,0,0
0,0,0
0,0,0
0,0,0
0,0,0
0,0,0
0,0,0
14,0,0
43,0,0
146,24,23
229,29,29
255,18,18
255,18,18
255,18,18
255,18,18
245,26,6
226,43,0
255,142,43
255,161,22
253,169,11
255,168,11
255,168,11
255,168,11
250,171,6
243,176,0
255,218,17
255,249,18
254,255,9
255,255,9
255,255,9
255,255,9
240,255,16
210,255,29
127,237,0
90,248,5
73,255,14
73,255,12
73,255,12
73,255,12
71,250,44
66,240,106
27,195,143
18,181,216
15,174,255
15,174,255
15,174,255
15,174,255
32,165,255
66,145,255
70,94,244
103,76,251
119,67,255
118,68,255
118,68,255
118,68,255
117,71,239
114,79,209
23,1,83
1,0,21
0,0,0
0,0,0
0,0,0
0,0,0
0,0,0
0,0,0
0,0,0
0,0,0
14,0,0
43,0,0
146,23,25
229,29,31
255,17,18
255,18,16
255,18,16
255,18,18
245,26,6
224,44,0
255,143,45
255,160,24
255,168,11
255,168,11
255,168,11
255,168,11
250,171,8
242,177,0
255,218,17
255,249,18
255,255,9
255,255,9
255,255,9
255,255,9
240,255,16
209,255,29
126,238,0
90,248,5
73,255,12
73,255,12
73,255,12
73,255,12
71,250,44
66,240,107
27,195,143
18,181,216
15,174,255
15,174,255
15,174,255
15,174,255
34,164,255
68,144,255
70,94,242
103,76,251
118,68,255
118,68,255
118,68,255
118,68,255
117,71,239
114,79,209
23,1,84
1,0,23
0,0,0
0,0,0
1,0,0
0,0,0
0,0,0
0,0,0
0,0,0
0,0,0
14,0,0
43,0,0
146,24,23
229,29,29
255,17,18
255,18,16
255,18,16
255,18,18
245,26,6
224,44,0
255,143,43
255,160,22
255,168,11
255,168,11
255,168,11
255,168,11
250,171,8
242,177,0
255,218,17
255,249,18
255,255,9
255,255,9
255,255,9
255,255,9
240,255,16
209,255,29
126,238,0
90,248,5
73,255,12
73,255,12
73,255,12
73,255,12
71,250,44
66,240,107
27,195,143
18,181,216
15,174,255
15,174,255
15,174,255
15,174,255
32,165,255
66,145,255
69,95,242
101,77,251
118,68,255
118,68,255
118,68,255
118,68,255
117,71,239
114,79,209
23,1,83
1,0,21
0,0,0
0,0,0
1,0,0
0,0,0
0,0,0
0,0,0
0,0,0
0,0,0
14,0,0
43,0,0
146,23,25
229,29,31
255,18,18
255,18,18
255,18,18
255,17,20
246,25,7
226,43,0
255,142,45
255,160,24
255,168,11
253,169,11
253,169,11
255,168,11
250,171,8
243,176,0
255,217,18
255,249,20
255,255,11
255,255,9
255,255,9
255,255,9
240,255,16
210,255,29
127,237,0
90,248,5
73,255,12
73,255,12
73,255,12
73,255,12
71,250,44
66,240,107
27,195,144
18,180,218
15,174,255
15,174,255
15,174,255
15,174,255
34,164,255
68,144,255
70,94,244
103,76,251
118,68,255
118,68,255
118,68,255
118,68,255
117,71,239
114,79,209
23,1,84
1,0,23
0,0,0
0,0,0
0,0,0
0,0,0
0,0,0
0,0,0
0,0,0
0,0,0
14,0,0
43,0,0
146,24,23
229,29,29
255,18,18
255,18,18
255,18,18
255,17,20
246,25,7
226,43,0
255,142,43
255,160,22
255,168,11
253,169,11
253,169,11
255,168,11
250,171,8
243,176,0
255,217,18
255,249,20
255,255,11
255,255,9
255,255,9
255,255,9
240,255,16
210,255,29
127,237,0
90,248,5
73,255,12
73,255,12
73,255,12
73,255,12
71,250,44
66,240,107
27,195,143
18,181,216
15,174,255
15,174,255
15,174,255
15,174,255
32,165,255
66,145,255
69,95,244
101,77,251
118,68,255
118,68,255
118,68,255
118,68,255
117,71,239
114,79,209
23,1,83
1,0,21
0,0,0
0,0,0
0,0,0
0,0,0
0,0,0
0,0,0
0,0,0
0,0,0
14,0,0
43,0,0
146,23,25
229,29,31
255,18,18
255,18,18
255,18,18
255,18,18
245,26,6
224,44,0
255,143,45
255,160,24
255,168,11
255,168,11
255,168,11
255,168,11
250,171,8
242,177,0
255,218,17
255,249,18
255,255,9
255,255,9
255,255,9
255,255,9
240,255,16
210,255,29
127,237,0
90,248,5
73,255,12
73,255,12
73,255,12
73,255,12
71,250,44
66,240,107
28,194,144
18,180,218
15,174,255
15,174,255
15,174,255
15,174,255
34,164,255
68,144,255
70,94,242
103,76,251
118,68,255
118,68,255
118,68,255
118,68,255
117,71,239
114,79,209
24,0,84
3,0,23
0,0,0
0,0,0
0,0,0
0,0,0
0,0,0
0,0,0
0,0,0
0,0,0
14,0,0
43,0,0
146,24,23
229,29,29
255,18,18
255,18,18
255,18,18
255,18,18
245,26,6
224,44,0
255,142,43
255,160,22
255,168,11
255,168,11
255,168,11
255,168,11
250,171,8
242,177,0
255,218,17
255,249,18
255,255,9
255,255,9
255,255,9
255,255,9
240,255,16
210,255,29
127,237,0
90,248,5
73,255,12
73,255,12
73,255,12
73,255,12
71,250,44
66,240,107
28,195,143
18,181,216
15,174,255
15,174,255
15,174,255
15,174,255
34,164,255
68,144,255
70,94,242
103,76,251
118,68,255
118,68,255
118,68,255
118,68,255
117,71,239
114,79,209
23,1,83
1,0,21
0,0,0
0,0,0
0,0,0
0,0,0
0,0,0
0,0,0
0,0,0
0,0,0
14,0,0
43,0,0
146,23,25
229,29,31
255,18,18
255,18,18
255,18,18
255,18,18
245,26,6
226,43,0
255,142,45
255,160,24
255,168,11
255,168,11
255,168,11
255,168,11
250,171,8
243,176,0
255,217,18
255,249,18
255,255,9
255,255,9
255,255,9
255,255,9
240,255,16
210,255,29
127,237,0
90,248,3
73,255,10
73,255,12
73,255,12
73,255,12
71,250,44
66,240,107
27,195,144
18,180,218
15,174,255
15,174,255
15,174,255
15,174,255
34,164,255
68,144,255
70,94,244
103,76,251
118,68,255
118,68,255
118,68,255
118,68,255
117,71,239
114,79,209
24,0,84
3,0,23
0,0,0
0,0,0
0,0,0
0,0,0
0,0,0
0,0,0
0,0,0
0,0,0
14,0,0
43,0,0
146,24,23
229,29,29
255,18,18
255,18,18
255,18,18
255,18,18
245,26,6
226,43,0
255,142,43
255,160,22
255,168,11
255,168,11
255,168,11
255,168,11
250,171,8
243,176,0
255,217,18
255,249,18
255,255,9
255,255,9
255,255,9
255,255,9
240,255,16
210,255,29
127,237,0
90,248,3
73,255,10
73,255,12
73,255,12
73,255,12
71,250,44
66,240,107
27,195,143
18,181,216
15,174,255
15,174,255
15,174,255
15,174,255
34,164,255
68,144,255
70,94,244
103,76,251
118,68,255
118,68,255
118,68,255
118,68,255
117,71,239
114,79,209
23,1,84
1,0,23
0,0,0
0,0,0
0,0,0
0,0,0
0,0,0
0,0,0
0,0,0
0,0,0
14,0,0
43,0,0
146,23,25
229,29,31
255,18,18
255,18,18
255,18,18
255,18,18
245,26,6
224,44,0
255,142,45
255,160,24
255,168,11
255,168,11
255,168,11
255,168,11
250,171,8
242,177,0
255,218,17
255,249,18
255,255,9
255,254,9
255,255,9
255,255,9
240,255,16
210,255,29
127,237,0
90,248,5
73,255,12
73,255,12
73,255,12
73,255,12
71,250,44
66,240,107
27,195,144
18,180,218
15,174,255
15,174,255
15,174,255
15,174,255
34,164,255
68,144,255
70,94,242
103,76,251
118,68,255
118,68,255
118,68,255
118,68,255
117,71,239
114,79,209
24,0,84
3,0,23
0,0,2
0,0,0
0,0,0
0,0,0
0,0,0
0,0,0
0,0,0
0,0,0
14,0,0
43,0,0
146,24,23
229,29,29
255,18,18
255,18,18
255,18,18
255,18,18
245,26,6
224,44,0
255,143,43
255,160,22
255,168,11
255,168,11
255,168,11
255,168,11
250,171,8
242,177,0
255,218,17
255,249,18
255,255,9
255,254,9
255,254,9
255,255,9
240,255,16
210,255,29
127,237,0
90,248,5
73,255,12
73,255,12
73,255,12
73,255,12
71,250,44
66,240,107
27,195,143
18,181,216
15,174,255
15,174,255
15,174,255
15,174,255
32,165,255
66,145,255
69,95,242
101,77,251
118,68,255
118,68,255
118,68,255
118,68,255
117,71,239
114,79,209
23,1,84
1,0,23
0,0,2
0,0,0
0,0,0
0,0,0
0,0,0
0,0,0
0,0,0
0,0,0
14,0,0
43,0,0
146,24,23
229,29,29
255,18,16
255,18,18
255,18,18
255,18,18
245,26,6
226,43,0
255,142,45
255,161,24
253,169,11
255,168,11
255,168,11
255,168,11
250,171,8
243,176,0
255,217,18
255,249,18
255,255,9
255,254,9
255,254,9
255,255,9
240,255,16
210,255,29
127,237,0
90,248,5
73,255,12
73,255,12
73,255,12
73,255,12
71,250,44
66,240,107
27,195,144
18,180,218
15,174,255
15,174,255
15,174,255
15,174,255
34,164,255
68,144,255
70,94,244
103,76,253
118,67,255
117,68,255
117,68,255
118,68,255
117,71,239
114,79,209
24,0,84
3,0,23
0,0,0
0,0,0
0,0,0
0,0,0
0,0,0
0,0,0
0,0,0
0,0,0
14,0,0
43,0,0
146,24,23
229,29,29
255,18,16
255,18,18
255,18,18
255,18,18
245,26,6
226,43,0
255,142,43
255,161,22
253,169,11
255,168,11
255,168,11
255,168,11
250,171,8
243,176,0
255,217,18
255,249,18
255,255,9
255,254,9
255,254,9
255,255,9
240,255,16
210,255,29
127,237,0
90,248,5
73,255,12
73,255,12
73,255,12
73,255,12
71,250,44
66,240,107
27,195,143
18,181,216
15,174,255
15,174,255
15,174,255
15,174,255
32,165,255
66,145,255
69,95,244
101,77,251
118,67,255
117,68,255
117,68,255
118,68,255
117,71,239
114,79,209
23,1,84
1,0,23
0,0,0
0,0,0
0,0,0
0,0,0
0,0,0
0,0,0
0,0,0
0,0,0
14,0,0
43,0,0
146,24,23
229,29,29
255,18,18
255,18,18
255,18,18
255,18,18
245,26,6
224,44,0
255,143,45
255,161,24
253,169,11
255,168,11
255,168,11
255,168,11
250,171,8
242,177,0
255,218,17
255,249,18
255,255,9
255,255,9
255,255,9
255,255,9
240,255,16
210,255,29
126,236,0
90,248,5
73,255,12
73,255,12
73,255,12
73,255,12
71,250,44
66,240,107
27,195,144
18,180,218
15,174,255
15,174,255
15,174,255
15,174,255
32,165,255
66,145,255
69,95,244
101,77,251
118,68,255
118,68,255
118,68,255
118,68,255
117,71,239
114,79,209
24,0,84
3,0,23
0,0,0
0,0,0
0,0,0
0,0,0
0,0,0
0,0,0
0,0,0
0,0,0
14,0,0
43,0,0
146,23,25
230,30,32
255,18,18
255,18,18
255,18,18
255,18,18
245,26,6
224,44,0
255,143,43
255,161,22
253,169,11
255,168,11
255,168,11
255,168,11
250,171,6
242,177,0
255,218,17
255,248,17
255,255,9
255,255,9
255,255,9
254,254,8
240,255,16
210,255,29
127,237,0
90,248,5
73,255,12
73,255,12
73,255,12
73,255,12
71,250,44
66,240,107
27,195,143
18,181,216
15,174,255
15,174,255
15,174,255
15,174,255
32,165,255
66,145,255
69,95,244
101,77,251
118,68,255
118,68,255
118,68,255
118,68,255
117,71,239
114,79,209
23,1,84
1,0,23
0,0,0
0,0,0
0,0,0
0,0,0
0,0,0
0,0,0
0,0,0
0,0,0
14,0,0
43,0,0
146,23,25
228,28,30
255,17,18
255,18,18
255,18,18
255,18,18
245,26,6
226,43,0
255,142,45
255,160,24
255,168,11
255,168,11
255,168,11
255,168,11
250,171,8
243,176,0
255,217,17
255,249,18
254,254,8
255,255,9
255,255,9
255,255,9
240,255,16
210,255,29
127,237,0
92,247,5
75,254,12
73,255,12
73,255,12
73,255,12
71,250,44
66,240,107
26,194,143
18,180,218
15,174,255
15,174,255
15,174,255
15,174,255
32,165,255
67,145,255
69,95,244
101,77,251
118,68,255
118,68,255
118,68,255
118,68,255
117,71,239
114,79,209
24,0,84
3,0,23
0,0,0
0,0,0
0,0,0
0,0,0
0,0,0
0,0,0
0,0,0
0,0,0
14,0,0
43,0,0
146,23,25
229,29,31
255,17,18
255,18,18
255,19,19
255,18,18
245,26,6
226,43,0
255,142,43
255,161,23
255,168,11
255,168,11
255,168,11
255,168,11
250,171,6
243,176,0
255,217,17
255,249,18
255,255,9
255,255,9
255,255,9
255,255,9
240,255,16
210,255,29
127,237,0
90,248,5
73,255,12
73,255,12
73,255,12
73,255,12
71,250,44
66,240,107
27,195,143
18,181,216
15,174,255
15,174,255
16,175,255
15,174,255
32,165,255
66,144,255
70,96,245
101,77,251
118,68,255
118,68,255
118,68,255
118,68,255
117,71,239
114,79,209
23,1,83
1,0,21
0,0,0
0,0,0
0,0,0
0,0,0
0,0,0
0,0,0
0,0,0
0,0,0
14,0,0
43,0,0
145,22,24
229,29,31
255,18,18
255,18,18
255,18,18
255,18,18
245,26,6
224,44,0
255,143,45
255,160,24
255,168,11
255,168,11
255,168,11
255,168,11
250,171,8
242,177,0
255,218,17
255,249,18
255,255,9
254,255,9
254,254,8
255,255,9
240,255,15
210,255,29
127,237,0
90,248,5
73,255,12
73,255,12
73,255,12
73,255,12
71,250,44
66,240,107
27,195,144
18,180,218
15,174,255
15,174,255
15,174,255
15,174,255
34,164,255
68,144,255
69,95,244
102,78,252
117,68,255
118,68,255
118,68,255
118,68,255
117,71,239
113,78,206
24,1,83
3,0,21
0,0,0
0,0,0
0,0,0
0,0,0
0,0,2
0,0,0
0,0,0
0,0,0
14,0,0
42,0,0
143,25,25
226,30,31
253,19,20
254,18,18
255,18,18
255,18,18
245,26,6
226,43,0
255,142,45
255,159,24
255,167,13
255,168,11
255,168,11
255,168,11
250,171,8
242,177,0
255,217,17
255,248,18
255,255,9
255,255,9
255,255,9
255,255,9
241,255,14
212,255,29
128,236,0
92,247,3
75,254,12
72,254,11
73,255,12
73,255,12
72,251,45
66,240,106
27,196,141
18,181,212
15,175,251
15,175,253
15,174,255
14,173,254
32,165,255
67,146,255
68,96,242
98,78,251
115,69,255
118,68,255
118,68,255
118,68,255
117,71,239
115,80,210
23,1,84
1,0,23
0,0,2
0,0,0
0,0,0
0,0,0
0,0,0
0,0,0
0,0,0
1,0,2
14,0,0
41,0,0
140,26,26
221,33,32
249,21,22
254,20,21
255,18,18
255,18,18
246,25,7
227,42,0
255,140,46
255,157,27
255,165,15
255,167,11
255,168,9
255,168,11
250,171,8
243,176,0
255,216,18
255,247,20
255,253,11
255,255,11
255,255,9
255,255,9
241,255,14
213,255,29
130,234,0
97,247,2
78,253,10
75,254,12
73,255,12
73,255,12
71,251,42
65,240,101
28,196,134
20,182,205
17,176,244
15,175,251
16,175,255
14,173,254
32,165,255
63,146,255
65,97,242
96,80,249
112,71,253
117,69,253
119,67,253
118,68,255
117,71,240
114,78,210
24,0,88
4,0,28
0,0,4
0,0,2
0,0,0
0,0,0
0,0,0
0,0,0
0,0,0
1,0,2
11,0,0
31,0,0
111,25,24
174,32,31
206,21,19
243,23,23
255,18,18
255,18,18
249,23,9
235,36,0
255,117,47
255,130,33
255,142,19
255,162,16
254,167,8
255,168,11
252,170,8
246,174,2
255,208,20
255,232,22
255,242,14
255,253,14
255,255,9
255,255,9
245,255,13
224,255,23
159,234,0
132,243,0
109,251,7
83,251,8
73,255,12
73,255,12
72,252,33
69,244,77
36,208,100
30,196,156
24,187,202
17,177,235
15,174,255
15,174,255
28,167,255
51,153,255
49,114,242
73,101,247
94,87,252
110,73,251
119,67,253
118,68,255
118,71,245
115,75,223
39,9,121
21,5,70
9,2,33
0,0,9
0,0,0
0,0,0
0,0,0
0,0,0
0,0,0
0,0,0
4,0,0
10,0,0
22,0,0
41,0,0
93,0,0
226,30,31
255,18,18
255,18,18
253,20,15
249,23,9
242,28,4
235,33,0
227,59,0
255,157,27
255,168,11
255,168,11
253,169,9
252,170,8
248,173,4
240,178,0
243,200,0
255,249,18
255,255,9
255,255,9
252,255,11
245,255,14
237,255,18
226,255,21
194,255,30
97,245,1
73,255,12
73,255,12
73,254,19
72,252,33
71,248,56
68,244,84
56,226,138
20,182,207
15,174,255
15,174,255
21,173,255
28,167,255
38,162,255
49,156,255
74,134,255
94,81,249
118,68,255
118,68,255
118,68,251
117,70,244
115,74,228
112,80,205
62,40,122
1,0,21
0,0,0
0,0,0
0,0,0
0,0,0
0,0,0
0,0,0
0,0,0
0,0,0
4,0,0
11,0,0
66,0,0
218,34,34
255,18,18
255,18,18
255,18,18
255,18,18
254,19,16
250,22,13
241,49,2
255,153,32
255,168,11
255,168,11
255,168,11
255,168,11
253,169,9
249,172,6
250,195,6
255,247,20
255,255,9
255,255,9
255,255,9
255,255,9
254,255,9
251,255,11
215,255,21
104,242,0
73,255,12
73,255,12
76,253,15
80,249,22
85,244,37
88,238,55
79,220,108
43,175,180
35,168,235
27,171,242
21,173,249
17,174,253
18,173,255
24,170,255
52,146,255
87,85,248
118,68,255
118,68,255
118,68,255
118,68,255
117,70,246
115,74,228
63,36,143
3,0,28
0,0,0
0,0,0
0,0,0
0,0,0
0,0,0
0,0,0
0,0,0
0,0,0
4,0,0
11,0,0
67,0,0
218,34,34
255,18,18
255,18,18
255,18,18
255,18,18
254,19,16
252,21,13
241,49,2
255,153,32
255,168,11
255,168,11
255,168,11
255,168,11
253,169,9
250,171,6
252,194,7
255,247,21
255,255,9
255,255,9
255,255,9
255,255,9
254,255,9
252,255,11
216,255,21
104,242,0
73,255,12
73,255,12
80,249,22
94,238,45
10,126,0
16,102,0
19,88,33
5,69,71
0,70,109
0,109,165
32,169,237
21,173,249
18,173,255
23,169,255
52,146,255
87,84,249
118,67,255
118,68,255
118,68,255
118,68,255
117,70,246
115,74,230
64,35,143
3,0,28
0,0,0
0,0,0
0,0,0
0,0,0
0,0,0
0,0,0
0,0,0
0,0,0
4,0,0
11,0,0
67,0,0
218,34,34
255,18,18
255,18,18
255,18,18
255,18,18
254,19,16
252,21,13
241,49,2
255,153,32
255,168,11
255,168,11
255,168,11
255,168,11
253,169,9
250,171,6
252,194,6
255,247,20
255,255,9
255,255,9
255,255,9
255,255,9
254,255,9
252,255,11
216,255,21
104,242,0
73,255,12
73,255,12
83,247,28
103,231,60
0,56,0
0,22,0
0,10,0
0,7,7
0,10,32
0,72,113
47,163,222
29,170,241
22,171,251
25,169,255
52,146,255
87,85,248
118,67,255
118,68,255
118,68,255
118,68,255
117,70,246
115,74,230
64,35,143
3,0,28
0,0,0
0,0,0
0,0,0
0,0,0
0,0,0
0,0,0
0,0,0
0,0,0
4,0,0
11,0,0
66,0,0
218,34,34
255,18,18
255,18,18
255,18,18
255,18,18
254,19,16
250,22,13
241,49,2
255,153,32
255,168,11
255,168,11
255,168,11
255,168,11
253,169,9
249,172,6
250,195,7
255,247,21
255,255,9
255,255,9
255,255,9
255,255,9
254,255,9
251,255,11
215,255,21
104,242,0
73,255,12
73,255,12
85,246,29
106,229,63
0,52,0
0,15,0
0,4,0
0,3,2
0,7,18
5,66,95
66,158,205
44,164,225
32,168,242
28,168,253
52,146,255
87,85,248
118,68,255
118,68,255
118,68,255
118,68,255
117,70,246
115,74,228
63,36,143
3,0,28
0,0,0
0,0,0
0,0,0
0,0,0
0,0,0
0,0,0
0,0,0
0,0,0
4,0,0
11,0,0
66,0,0
218,34,34
255,18,18
255,18,18
255,18,18
255,18,18
254,19,16
250,22,13
241,49,2
255,153,32
255,168,11
255,168,11
255,168,11
255,168,11
253,169,9
249,172,6
250,195,6
255,247,20
255,255,9
255,255,9
255,255,9
255,255,9
254,255,9
251,255,11
215,255,21
104,242,0
75,254,14
76,253,17
89,242,37
110,225,72
0,47,0
0,11,0
27,29,28
135,135,135
127,138,144
69,104,123
0,42,77
0,55,105
41,164,231
32,167,248
53,147,255
87,85,248
118,68,255
118,68,255
118,68,255
118,68,255
117,70,246
115,74,228
63,36,143
3,0,28
0,0,0
0,0,0
0,0,0
0,0,0
0,0,0
0,0,0
0,0,0
0,0,0
4,0,0
11,0,0
67,0,0
218,34,34
255,18,18
255,18,18
255,18,18
255,18,18
254,19,16
252,21,13
241,49,2
255,153,32
255,168,11
255,168,11
255,168,11
255,168,11
253,169,9
250,171,6
252,194,7
255,247,21
255,255,9
255,255,9
255,255,9
255,255,9
254,255,9
252,255,11
216,255,21
104,242,0
76,253,17
83,247,29
96,234,50
118,218,83
0,44,0
0,9,0
35,35,35
170,168,171
168,169,173
99,109,118
0,8,27
0,23,60
56,161,218
36,166,244
52,146,255
87,84,249
118,67,255
118,68,255
118,68,255
118,68,255
117,70,246
115,74,230
64,35,143
3,0,28
0,0,0
0,0,0
0,0,0
0,0,0
0,0,0
0,0,0
0,0,0
0,0,0
4,0,0
11,0,0
67,0,0
218,34,34
255,18,18
255,18,18
255,18,18
255,18,18
254,19,16
252,21,13
241,49,2
255,153,32
255,168,11
255,168,11
255,168,11
255,168,11
253,169,9
250,171,6
252,194,6
255,247,20
255,255,9
255,255,9
255,255,9
255,255,9
254,255,9
252,255,11
216,255,21
104,242,0
82,248,26
48,181,2
44,146,10
61,133,34
51,95,36
64,77,59
91,91,91
170,168,171
170,168,171
108,106,109
0,5,16
0,20,51
60,157,210
37,164,241
52,146,255
87,85,248
118,67,255
118,68,255
118,68,255
118,68,255
117,70,246
115,74,230
64,35,143
3,0,28
0,0,0
0,0,0
0,0,0
0,0,0
0,0,0
0,0,0
0,0,0
0,0,0
4,0,0
11,0,0
66,0,0
218,34,34
255,18,18
255,18,18
255,18,18
255,18,18
254,19,16
250,22,13
241,49,2
255,153,32
255,168,11
255,168,11
255,168,11
255,168,11
253,169,9
249,172,6
250,195,7
255,247,21
255,255,9
255,255,9
255,255,9
255,255,9
254,255,9
251,255,11
215,255,21
104,242,0
90,241,40
1,88,0
0,21,0
0,13,0
147,160,142
167,169,164
170,168,171
170,168,173
171,169,172
107,107,109
0,5,16
0,20,51
61,158,211
38,165,242
52,148,255
87,85,248
118,68,255
118,68,255
118,68,255
118,68,255
117,70,246
115,74,228
63,36,143
3,0,28
0,0,0
0,0,0
0,0,0
0,0,0
0,0,0
0,0,0
0,0,0
0,0,0
4,0,0
11,0,0
66,0,0
218,34,34
255,18,18
255,18,18
255,18,18
255,18,18
254,19,16
250,22,13
241,49,2
255,153,32
255,168,11
255,168,11
255,168,11
255,168,11
253,169,9
249,172,6
250,195,6
255,247,20
255,255,9
255,255,9
255,255,9
255,255,9
254,255,9
251,255,11
215,255,21
104,242,0
94,238,45
14,78,0
0,8,0
0,2,0
154,154,154
170,168,171
170,168,171
170,168,173
170,168,171
107,107,109
0,5,16
0,20,51
61,158,211
38,165,242
51,147,255
87,85,248
118,68,255
118,68,255
118,68,255
118,68,255
117,70,246
115,74,228
63,36,143
3,0,28
0,0,0
0,0,0
0,0,0
0,0,0
0,0,0
0,0,0
0,0,0
0,0,0
4,0,0
11,0,0
67,0,0
218,34,34
255,18,18
255,18,18
255,18,18
255,18,18
254,19,16
252,21,13
241,49,2
255,153,32
255,168,11
255,168,11
255,168,11
255,168,11
253,169,9
250,171,6
252,194,7
255,247,21
255,255,9
255,255,9
255,255,9
255,255,9
254,255,9
252,255,11
216,255,21
104,242,0
94,237,47
14,78,0
0,8,0
0,2,0
155,153,156
170,168,171
170,168,171
170,168,171
170,168,171
109,107,110
0,4,16
0,20,51
61,158,211
38,165,242
52,146,255
87,85,248
118,68,255
118,68,255
118,68,255
118,68,255
117,70,246
115,74,230
64,35,143
3,0,28
0,0,0
0,0,0
0,0,0
0,0,0
0,0,0
0,0,0
0,0,0
0,0,0
4,0,0
11,0,0
67,0,0
218,34,34
255,18,18
255,18,18
255,18,18
255,18,18
254,19,16
252,21,13
241,49,2
255,153,32
255,168,11
255,168,11
255,168,11
255,168,11
253,169,9
250,171,6
252,194,6
255,247,20
255,255,9
255,255,9
255,255,9
255,255,9
254,255,9
252,255,11
216,255,21
104,242,0
94,238,45
14,78,0
0,8,0
0,2,0
155,153,156
170,168,171
170,168,171
170,168,171
170,168,171
108,106,109
0,4,16
0,20,51
61,158,211
38,165,242
52,146,255
87,85,248
118,68,255
118,68,255
118,68,255
118,68,255
117,70,246
115,74,230
64,35,143
3,0,28
0,0,0
0,0,0
0,0,0
0,0,0
0,0,0
0,0,0
0,0,0
0,0,0
4,0,0
11,0,0
66,0,0
218,34,34
255,18,18
255,18,18
255,18,18
255,18,18
254,19,16
250,22,13
241,49,2
255,153,32
255,168,11
255,168,11
255,168,11
255,168,11
253,169,9
249,172,6
250,195,7
255,247,21
255,255,9
255,255,9
255,255,9
255,255,9
254,255,9
251,255,11
215,255,21
104,242,0
94,237,47
14,78,0
0,8,0
0,2,0
154,154,154
170,168,171
170,168,171
170,168,171
170,168,171
106,106,106
0,5,16
0,20,51
62,157,211
38,164,241
52,146,255
87,85,248
118,68,255
118,68,255
118,68,255
118,68,255
117,70,246
115,74,228
63,36,143
3,0,28
0,0,0
0,0,0
0,0,0
0,0,0
0,0,0
0,0,0
0,0,0
0,0,0
4,0,0
11,0,0
66,0,0
218,34,34
255,18,18
255,18,18
255,18,18
255,18,18
254,19,16
250,22,13
241,49,2
255,153,32
255,168,11
255,168,11
255,168,11
255,168,11
253,169,9
249,172,6
250,195,6
255,247,20
255,255,9
255,255,9
255,255,9
255,255,9
254,255,9
251,255,11
215,255,21
104,242,0
94,238,45
14,78,0
0,8,0
0,2,0
154,154,154
170,168,171
169,167,170
170,168,171
170,168,171
108,108,108
0,5,14
0,20,49
61,158,211
38,165,242
52,146,255
87,85,248
118,68,255
118,68,255
118,68,255
118,68,255
117,70,246
115,74,228
63,36,143
3,0,28
0,0,0
0,0,0
0,0,0
0,0,0
0,0,0
0,0,0
0,0,0
0,0,0
4,0,0
11,0,0
67,0,0
218,34,34
255,18,18
255,18,18
255,18,18
255,18,18
254,19,16
252,21,13
241,49,2
255,153,32
255,168,11
255,168,11
255,168,11
255,168,11
253,169,9
250,171,6
252,194,7
255,247,21
255,255,9
255,255,9
255,255,9
255,255,9
254,255,9
252,255,11
216,255,21
104,242,0
94,237,47
14,78,0
0,8,0
0,2,0
155,153,156
169,167,170
170,168,171
170,168,171
170,168,171
106,106,106
0,5,16
0,20,51
62,157,211
39,165,242
52,146,255
87,85,248
118,68,255
118,68,255
118,68,255
118,68,255
117,70,246
115,74,228
64,35,143
3,0,28
0,0,0
0,0,0
0,0,0
0,0,0
0,0,0
0,0,0
0,0,0
0,0,0
4,0,0
11,0,0
67,0,0
218,34,34
255,18,18
255,18,18
255,18,18
255,18,18
254,19,16
252,21,13
241,49,2
255,153,32
255,168,11
255,168,11
255,168,11
255,168,11
253,169,9
250,171,6
252,194,6
255,247,20
255,255,9
255,255,9
255,255,9
255,255,9
254,255,9
252,255,11
216,255,21
104,242,0
94,238,45
13,77,0
0,8,0
0,3,0
154,152,155
170,168,171
168,166,169
160,158,161
160,158,161
100,100,100
0,5,14
0,20,49
61,158,211
38,165,242
52,146,255
87,85,248
118,68,255
118,68,255
118,68,255
118,68,255
117,70,246
115,74,228
64,35,143
3,0,28
0,0,0
0,0,0
0,0,0
0,0,0
0,0,0
0,0,0
0,0,0
0,0,0
4,0,0
11,0,0
66,0,0
218,34,34
255,18,18
255,18,18
255,18,18
255,18,18
254,19,16
250,22,13
241,49,2
255,153,32
255,168,11
255,168,11
255,168,11
255,168,11
253,169,9
249,172,6
250,195,7
255,247,21
255,255,9
255,255,9
254,254,8
255,255,9
255,255,10
251,255,9
215,255,19
104,242,0
94,237,47
14,78,0
0,8,0
0,2,0
154,154,154
170,170,170
134,134,134
0,0,0
0,0,0
0,0,0
0,5,16
0,20,51
61,158,211
38,165,242
52,146,255
86,84,247
118,68,255
118,68,255
118,68,255
118,69,255
117,70,246
115,75,226
63,36,141
3,0,28
0,0,0
0,0,0
0,0,0
0,0,2
0,0,2
0,0,0
0,0,0
0,0,0
4,0,0
11,0,0
66,0,0
218,34,34
255,18,18
255,18,18
255,18,18
255,19,19
254,19,16
250,22,13
241,49,2
255,153,32
255,168,11
254,167,10
255,168,11
255,168,11
253,169,9
249,172,6
250,195,6
255,247,20
254,254,8
255,255,9
255,255,10
255,255,9
254,255,9
252,255,11
222,255,30
120,229,24
111,224,74
21,72,5
0,7,0
0,2,0
154,154,154
169,169,169
134,134,134
0,0,0
0,1,4
0,4,12
0,10,32
0,24,63
51,161,220
35,166,244
52,146,255
87,85,248
118,68,255
118,68,255
118,68,255
117,68,255
117,70,246
115,74,228
63,36,141
3,0,28
0,0,0
0,0,0
0,0,0
0,0,2
0,0,2
1,0,0
1,0,0
0,0,0
4,0,0
11,0,0
67,0,0
219,35,35
255,18,18
255,18,18
255,18,18
255,17,18
255,18,16
251,20,12
241,49,2
255,154,33
255,168,11
255,168,11
255,168,11
255,168,11
253,169,9
250,171,6
252,194,7
255,247,21
255,255,9
255,255,9
255,255,9
255,253,8
255,255,11
254,255,13
223,242,39
33,84,0
25,76,7
3,26,0
0,2,0
0,0,0
155,153,156
169,167,170
135,133,136
0,0,0
0,4,12
0,46,73
30,113,157
7,121,181
35,167,239
30,169,252
52,146,255
87,85,248
118,68,255
118,68,255
118,68,255
118,68,255
117,70,246
115,74,228
64,35,143
3,0,28
0,0,0
0,0,0
0,0,0
0,0,0
0,0,0
1,0,0
1,0,0
0,0,0
4,0,0
11,0,0
67,0,0
218,34,34
253,19,20
246,22,22
241,23,22
240,24,25
238,26,23
235,28,22
226,55,12
255,156,48
246,169,29
246,169,29
246,169,29
245,168,28
245,170,27
242,172,24
245,194,27
255,245,43
252,252,32
252,252,32
252,252,32
252,252,32
252,252,34
252,251,37
225,230,65
0,13,0
0,8,0
0,3,0
0,1,0
0,0,0
156,154,157
170,168,171
135,133,136
0,0,0
0,5,16
3,66,99
64,158,209
45,165,226
36,167,237
38,165,242
61,144,246
89,87,232
117,71,239
117,71,239
117,71,239
117,71,239
115,74,230
114,77,216
63,37,134
3,0,27
0,0,0
0,0,0
0,0,0
0,0,0
0,0,0
0,0,0
0,0,0
0,0,0
4,0,0
11,0,0
66,0,0
218,34,34
246,22,22
228,30,29
215,35,34
205,39,39
201,42,39
198,43,38
197,68,36
242,161,79
228,171,64
229,172,65
228,171,64
228,171,64
228,172,63
225,173,61
231,193,66
252,241,87
245,246,80
245,246,80
245,246,80
245,246,80
247,246,80
248,246,84
222,224,101
1,7,0
0,3,0
0,2,0
0,1,0
0,0,0
154,154,154
169,169,169
135,135,135
0,0,0
0,4,12
13,63,90
79,154,194
64,159,207
57,161,216
60,159,218
78,141,218
91,91,201
112,80,207
112,80,205
112,80,205
112,80,205
112,81,200
111,84,189
62,42,114
1,0,19
0,0,0
0,0,0
0,0,0
0,0,0
0,0,0
0,0,0
0,0,0
0,0,0
3,0,0
10,0,0
64,0,0
212,36,36
235,27,27
179,14,12
106,0,0
92,0,0
84,0,0
82,0,0
73,0,0
67,14,0
58,21,0
58,21,0
58,21,0
58,21,0
58,21,0
56,22,0
53,28,0
47,39,0
43,42,0
43,42,0
43,42,0
43,42,0
43,42,0
43,40,0
39,36,0
4,3,0
0,0,0
0,0,0
0,0,0
1,0,0
22,21,19
24,23,21
19,18,16
1,0,0
0,3,5
0,15,30
0,30,53
0,33,62
0,34,66
0,33,68
0,24,70
6,5,75
20,0,80
20,0,78
20,0,78
20,0,78
19,0,73
18,2,67
10,0,44
1,0,12
0,0,0
0,0,0
0,0,0
0,0,0
0,0,0
1,0,0
1,0,0
0,0,0
3,0,0
10,0,0
60,0,0
203,40,41
217,35,34
146,23,18
57,0,0
38,0,0
28,0,0
28,0,0
24,0,0
18,0,0
15,0,0
15,0,0
15,0,0
16,0,0
15,0,0
14,0,0
13,0,0
10,2,0
8,3,0
8,3,0
8,3,0
8,3,0
8,3,0
8,3,0
7,2,0
6,0,0
4,0,0
4,0,0
4,0,0
4,0,0
4,0,0
6,0,0
6,0,0
4,0,0
1,0,0
0,3,3
0,3,7
0,4,9
0,4,11
0,4,11
0,2,14
0,0,19
1,0,21
1,0,21
1,0,21
1,0,19
1,0,19
1,0,18
1,0,12
0,0,4
0,0,0
0,0,0
0,0,0
0,0,0
0,0,0
2,0,1
1,0,0
0,0,0
3,0,0
7,0,0
43,0,0
141,25,26
150,22,19
123,41,30
105,56,41
91,62,44
83,66,46
83,66,46
83,66,46
83,66,46
83,66,46
83,66,46
83,66,46
83,66,46
83,66,46
82,65,45
83,66,46
82,65,45
83,66,46
83,66,46
83,66,46
82,65,45
84,67,47
83,66,46
83,66,46
83,66,46
83,66,46
83,66,46
83,66,46
83,66,46
82,65,45
83,66,46
83,66,46
83,66,46
83,66,46
83,66,46
83,66,46
84,67,47
83,66,48
82,67,48
67,55,41
3,0,0
0,0,0
34,36,35
51,53,52
53,53,53
53,53,53
53,53,53
29,29,29
0,0,0
1,1,1
0,0,0
0,0,0
0,0,0
0,0,0
0,0,0
0,0,0
1,0,0
1,0,0
3,0,0
11,0,0
27,0,0
34,0,0
106,64,42
249,210,177
248,213,173
247,213,168
247,213,168
247,213,168
247,213,168
247,212,170
247,212,170
247,212,170
247,212,170
247,212,170
247,212,170
247,213,168
247,213,168
247,213,168
247,213,168
247,213,168
247,213,168
247,212,170
247,212,170
247,212,170
247,212,170
247,212,170
246,211,169
247,212,170
247,212,170
247,212,170
247,212,170
247,213,168
247,213,168
247,213,168
249,212,168
249,212,170
247,212,170
247,212,170
246,213,172
200,177,146
7,0,0
0,0,0
110,110,110
169,169,169
170,168,171
170,168,171
169,169,169
92,92,92
0,0,0
0,0,0
0,0,0
0,0,0
0,0,2
0,0,2
0,0,0
0,0,0
1,0,0
1,0,0
1,0,0
3,0,0
6,0,0
13,0,0
95,69,36
247,213,168
253,212,160
254,211,156
255,210,158
255,209,163
255,207,172
255,205,177
255,205,177
255,205,177
255,205,177
255,205,177
255,205,177
255,204,176
255,206,175
255,206,175
255,206,175
255,206,175
255,205,177
255,205,177
255,205,177
255,205,177
255,205,177
255,205,177
255,205,177
255,205,177
255,205,177
255,205,177
255,204,176
255,205,177
255,205,177
255,205,177
255,204,177
255,206,174
255,208,168
255,209,165
254,210,161
208,175,132
14,0,0
6,0,0
114,110,107
170,168,169
170,168,171
170,168,171
169,169,171
92,92,92
0,0,0
0,0,0
0,0,0
0,0,0
0,0,2
0,0,2
0,0,0
0,0,0
0,0,2
1,0,0
1,0,0
24,15,6
121,100,79
128,99,65
171,136,94
252,212,163
254,211,158
255,210,158
255,209,159
255,205,174
255,190,198
255,186,212
255,185,211
255,186,212
255,185,212
255,185,212
255,186,212
255,186,212
255,186,212
255,187,213
255,186,212
255,186,212
255,186,212
255,186,212
255,186,212
255,186,212
255,187,212
255,187,212
255,186,212
255,186,212
255,186,212
255,186,212
255,186,212
255,186,212
255,186,212
255,186,212
255,185,212
255,187,202
253,192,187
255,205,179
255,209,165
232,191,145
129,99,63
121,101,77
103,93,83
92,88,85
90,88,89
156,154,157
169,167,170
93,91,94
0,0,0
0,0,0
0,0,0
0,0,0
0,0,0
0,0,0
0,0,0
0,0,0
0,0,2
0,0,0
1,0,0
48,36,22
243,214,182
250,212,167
253,211,163
254,210,161
255,209,163
255,208,168
255,207,176
255,198,194
250,175,214
252,170,232
252,170,232
251,169,231
252,170,232
252,170,232
252,170,232
252,170,232
252,170,232
252,170,232
252,170,232
252,170,232
252,170,232
252,170,232
252,170,232
252,170,232
251,171,232
252,170,232
255,168,232
255,168,232
255,168,232
255,169,232
252,170,232
252,170,232
251,169,231
252,170,232
252,170,232
251,173,223
248,178,202
255,200,199
255,205,181
255,208,170
252,210,168
243,213,179
88,75,59
4,0,0
1,0,0
140,138,141
170,168,171
93,91,94
0,0,0
0,0,0
0,0,0
0,0,0
0,0,0
0,0,0
0,0,0
0,0,0
0,0,0
1,0,0
3,0,0
49,36,20
245,213,174
254,211,160
254,211,158
255,209,163
255,206,175
255,198,186
255,194,202
255,186,221
252,170,236
254,167,248
254,167,248
254,167,248
254,167,248
254,167,248
254,167,248
254,167,248
254,167,248
254,167,248
254,167,248
254,167,248
254,167,248
254,167,248
254,167,246
254,167,246
254,167,248
255,165,246
255,155,240
255,152,238
255,153,238
255,162,245
255,164,247
254,167,248
254,167,248
254,167,248
254,167,248
253,167,238
251,173,225
255,191,223
255,196,206
255,201,188
255,208,170
246,213,172
90,75,56
4,0,0
1,0,0
124,124,124
152,152,152
82,82,82
0,0,0
0,0,0
0,0,0
0,0,0
0,0,0
0,0,0
0,0,0
0,0,0
0,0,0
0,0,0
1,0,0
49,36,19
247,212,170
255,211,156
255,210,158
255,208,168
255,201,187
247,181,193
250,175,214
252,170,234
255,166,248
255,164,255
255,165,255
255,165,255
255,165,255
255,165,255
255,165,255
255,165,255
255,165,255
255,165,255
255,165,255
255,165,255
255,165,255
255,165,255
255,165,253
255,165,253
255,165,255
255,161,253
226,106,203
212,86,185
206,88,184
255,151,246
255,162,255
255,165,255
255,165,255
255,165,255
255,164,255
255,167,251
254,168,241
251,172,229
250,175,216
249,183,193
255,206,174
247,213,168
91,74,54
4,0,0
1,0,0
0,0,0
1,1,1
0,0,0
0,0,0
0,0,0
0,0,0
0,0,0
0,0,0
0,0,0
0,0,0
0,0,0
0,0,0
1,0,0
3,0,0
49,36,19
247,212,170
255,210,158
255,209,161
255,205,177
255,198,201
248,177,209
253,171,235
255,166,248
255,163,253
255,162,255
255,163,255
255,164,255
255,165,255
255,165,255
255,165,255
255,165,255
255,165,255
255,165,255
255,165,255
255,165,255
255,165,255
255,165,255
255,165,255
255,165,255
255,165,255
255,161,253
232,103,203
218,83,185
212,86,185
255,150,246
255,162,255
255,165,255
255,165,255
255,164,255
255,163,255
255,163,253
255,165,250
255,167,245
254,169,237
252,178,213
255,205,179
247,213,168
91,74,54
5,0,0
3,0,0
1,0,0
0,0,0
0,0,0
0,0,0
0,0,0
0,0,0
0,0,0
0,0,0
0,0,0
0,0,0
0,0,0
0,0,0
1,0,0
3,0,0
49,36,19
247,212,170
255,209,163
255,203,175
255,196,193
255,189,217
251,172,227
254,167,246
255,159,252
250,140,235
251,140,235
252,151,243
255,163,255
255,164,255
255,165,255
255,165,255
254,164,254
255,166,255
255,165,255
255,165,255
255,165,255
255,165,255
255,165,255
255,165,255
255,165,255
255,165,255
255,161,253
240,119,216
231,102,202
225,105,202
255,153,248
255,162,255
255,165,255
255,165,255
255,163,255
255,154,246
247,142,235
246,143,235
255,162,252
255,165,248
252,176,222
255,205,181
247,213,168
91,74,54
4,0,0
3,0,0
1,0,0
0,0,0
0,0,0
0,0,0
1,1,1
0,0,0
0,0,0
0,0,0
0,0,0
0,1,0
0,0,0
0,0,0
1,0,0
3,0,0
49,36,19
247,212,170
255,206,172
255,192,196
250,176,213
251,171,234
254,167,246
255,165,252
255,149,243
216,84,185
219,83,183
236,121,216
255,161,253
255,163,255
255,164,255
255,165,255
255,165,255
255,165,255
255,165,255
254,164,254
255,165,255
255,165,255
255,165,255
255,165,255
255,165,255
255,165,255
255,163,255
255,161,253
255,161,253
255,162,253
255,162,255
255,164,255
255,165,255
255,164,255
255,161,253
250,130,227
212,86,185
210,90,187
255,158,249
255,164,245
253,176,220
255,203,183
247,213,168
91,74,54
4,0,0
1,0,0
0,0,0
0,0,0
0,0,0
0,0,0
0,0,0
0,0,0
0,0,0
0,0,0
0,0,0
0,1,0
0,0,0
0,0,0
1,0,0
3,0,0
49,36,19
247,212,170
255,206,175
255,190,208
251,172,227
252,168,246
254,164,254
255,164,255
255,149,243
218,84,183
219,83,183
236,121,216
255,161,253
255,163,255
255,164,255
255,165,255
255,165,255
255,165,255
255,165,255
255,165,255
255,164,255
255,163,255
255,162,255
255,161,253
255,161,253
255,163,255
255,165,255
255,165,255
255,165,255
254,165,255
255,166,255
255,165,255
255,165,255
255,164,255
255,162,254
250,130,227
212,86,185
210,90,187
255,158,249
255,165,246
252,177,220
255,204,183
247,213,168
91,74,54
4,0,0
1,0,0
0,0,0
0,0,0
0,0,0
0,0,0
0,0,0
0,0,0
0,0,0
0,0,0
0,0,0
0,0,0
0,0,0
0,0,0
1,0,0
3,0,0
49,36,19
247,212,170
255,206,175
255,190,208
251,172,227
254,167,246
255,165,255
255,164,255
255,157,249
242,128,224
243,127,224
249,146,238
255,162,255
255,163,255
255,164,255
254,164,254
255,166,255
255,165,255
255,165,255
255,164,255
255,162,255
255,159,253
235,119,216
240,114,213
240,119,216
255,161,253
255,165,255
255,165,255
255,165,255
255,165,255
255,165,255
255,165,255
255,166,255
254,164,254
255,162,255
254,149,242
240,130,225
238,131,225
255,162,252
255,165,248
253,176,222
255,203,183
247,213,168
91,74,54
4,0,0
1,0,0
0,0,0
0,0,0
0,0,0
0,0,0
0,0,0
0,0,0
0,0,0
0,0,0
0,0,0
0,0,0
0,0,0
0,0,0
0,0,0
1,0,0
49,36,19
247,212,170
255,206,175
255,190,208
251,172,227
254,167,246
255,165,255
255,164,255
255,163,255
255,161,253
255,161,253
255,162,255
255,164,255
255,164,255
255,163,254
255,165,255
255,165,255
255,165,255
255,165,255
255,164,255
255,162,255
255,158,253
212,91,188
219,83,183
220,90,190
255,161,253
255,165,255
255,165,255
255,165,255
255,165,255
255,165,255
255,165,255
255,165,255
255,165,255
255,164,255
255,163,253
255,162,253
255,162,255
255,163,253
255,166,248
252,176,222
255,204,183
247,213,168
91,74,54
4,0,0
1,0,0
0,0,0
1,1,1
0,0,0
0,0,0
0,0,0
0,0,0
0,0,0
0,0,0
0,0,0
0,0,0
0,0,0
0,0,0
1,0,0
3,0,0
49,36,17
247,212,170
255,206,175
255,190,207
251,172,227
254,167,246
255,165,255
255,165,255
255,164,255
255,163,255
255,163,255
255,164,255
255,165,255
255,165,255
255,165,255
255,165,255
255,165,255
255,165,255
255,165,255
255,165,255
255,162,255
255,159,253
211,91,189
215,85,185
217,91,190
255,161,253
255,165,255
255,166,255
255,165,255
255,165,255
255,165,255
255,165,255
255,165,255
254,164,252
255,165,253
255,164,255
255,165,255
255,164,255
255,164,253
255,166,248
253,176,220
255,203,183
247,213,168
91,74,54
4,0,0
1,0,0
0,0,0
0,0,0
0,0,0
0,0,0
0,0,0
0,0,0
0,0,0
0,0,0
0,0,0
0,0,0
0,0,0
0,0,0
0,0,0
1,0,0
49,36,17
247,212,170
255,206,175
255,190,208
251,172,227
254,167,246
255,165,255
255,165,255
255,165,255
255,165,255
255,165,255
255,165,255
255,165,255
255,165,255
255,165,255
255,165,255
255,165,255
255,165,255
255,165,255
255,165,255
255,164,255
255,160,252
252,141,236
255,137,234
255,140,235
255,162,253
255,165,255
255,165,255
255,165,255
255,165,255
255,165,255
255,165,255
255,164,255
255,164,253
255,164,253
255,164,255
255,165,255
255,165,255
255,165,253
254,167,248
253,176,220
255,203,183
246,212,167
91,74,54
4,0,0
1,0,0
102,102,102
125,125,125
68,68,68
0,0,0
0,0,0
0,0,0
0,0,0
0,0,0
0,0,0
0,0,0
0,0,0
0,0,0
1,0,0
3,0,0
49,36,19
247,212,172
255,205,177
255,189,210
251,172,229
254,167,246
255,165,255
255,165,255
255,165,255
255,164,255
255,164,255
255,165,255
255,165,255
254,165,255
254,165,255
255,165,255
255,165,255
255,165,255
255,165,255
255,165,255
255,165,255
255,163,255
255,163,253
255,161,253
255,162,253
255,164,255
255,165,255
255,165,255
255,165,255
255,165,255
255,165,255
255,164,255
255,163,255
255,162,253
255,162,253
255,163,255
255,164,255
254,164,254
255,165,253
255,166,248
253,176,222
255,203,183
247,213,168
91,74,54
4,0,0
1,0,0
139,139,139
169,169,169
92,92,92
0,0,0
0,0,0
0,0,0
0,0,0
0,0,0
0,0,0
0,0,0
0,0,0
0,0,0
0,0,0
1,0,0
49,36,19
247,212,172
255,205,177
255,189,210
251,172,229
254,167,246
255,165,255
255,165,255
255,165,255
255,164,255
255,164,255
255,165,255
255,165,255
254,165,255
254,165,255
255,165,255
255,165,255
254,164,254
255,165,255
255,165,255
255,165,255
255,165,255
255,165,255
255,165,253
255,165,253
255,165,255
255,165,255
255,165,255
255,165,255
255,165,255
255,165,255
255,163,254
255,155,247
246,132,228
247,133,229
249,144,237
255,162,255
255,164,255
255,165,253
255,166,248
253,176,222
255,202,182
247,213,168
91,74,54
4,0,0
1,0,0
139,139,139
169,169,169
92,92,92
0,0,0
1,1,1
0,0,0
0,0,0
0,0,0
0,0,0
0,0,0
0,0,0
0,0,0
1,0,0
3,0,0
49,36,19
247,212,170
255,206,175
255,189,207
251,172,227
252,168,246
254,165,255
255,165,255
255,165,255
255,165,253
255,165,253
255,165,255
255,165,255
255,165,255
255,165,255
255,165,255
255,165,255
255,164,255
255,165,255
255,165,255
255,165,255
255,164,255
255,164,255
255,165,255
255,165,255
255,165,255
255,165,255
255,165,255
255,166,255
255,165,255
255,164,255
255,163,253
254,144,239
218,84,183
221,82,183
232,112,210
255,160,253
255,163,255
255,165,253
255,168,249
253,176,220
255,204,184
247,213,168
91,74,54
4,0,0
1,0,0
139,139,139
169,169,169
92,92,92
0,0,0
0,0,0
0,0,0
0,0,0
0,0,0
0,0,0
0,0,0
0,0,0
0,0,0
0,0,0
1,0,0
49,36,19
247,212,170
255,206,175
255,189,207
251,172,227
252,168,246
254,165,255
255,165,255
255,165,255
255,165,253
255,165,253
255,165,255
255,165,255
255,165,255
255,165,255
255,165,255
255,165,255
255,165,255
255,165,255
255,165,255
255,165,255
255,164,255
255,164,255
255,165,255
255,165,255
255,165,255
254,164,254
255,165,255
255,165,255
255,165,255
255,165,255
255,163,253
254,144,239
218,84,183
221,82,183
231,111,209
255,160,253
255,163,255
254,164,252
254,167,248
252,177,220
255,204,183
247,213,168
91,74,54
4,0,0
1,0,0
139,139,139
170,170,170
92,92,92
0,0,0
0,0,0
0,0,0
0,0,0
0,0,0
0,0,0
0,0,0
0,0,0
0,0,0
1,0,0
3,0,0
49,36,19
246,213,170
255,206,175
255,189,208
252,171,227
254,167,246
255,165,255
255,165,255
255,165,255
255,165,255
255,165,255
255,165,255
255,165,255
255,165,255
255,165,255
254,165,255
254,165,255
255,165,255
255,165,255
255,165,255
255,165,255
255,165,255
255,165,255
255,165,255
255,165,255
255,165,255
255,165,255
255,165,255
255,165,255
254,165,255
255,165,255
255,163,254
255,154,246
239,125,221
240,124,221
246,139,233
255,162,255
255,164,255
255,165,253
254,167,248
253,176,222
255,203,183
247,213,168
91,74,54
4,0,0
1,0,0
65,65,65
79,79,79
44,44,44
0,0,0
1,1,1
0,0,0
0,0,0
0,0,0
0,0,0
0,0,0
0,0,0
0,0,0
0,0,0
1,0,0
49,36,19
246,213,170
255,206,175
255,189,208
252,171,227
254,167,246
255,165,255
255,165,255
255,165,255
255,165,255
255,165,255
255,165,255
255,165,255
255,165,255
255,165,255
255,165,255
255,164,255
255,163,253
255,163,253
255,163,253
255,164,255
255,165,255
255,165,255
255,165,255
255,165,255
255,165,255
255,166,255
255,165,255
255,165,255
254,165,255
255,165,255
255,165,255
255,163,255
255,161,253
255,161,253
255,162,255
255,163,255
255,164,255
255,165,253
255,168,249
252,176,222
255,204,183
247,213,168
91,74,54
4,0,0
1,0,0
1,1,1
0,0,0
0,0,0
0,0,0
0,0,0
0,0,0
0,0,0
0,0,0
0,0,0
0,0,0
0,0,0
0,0,0
1,0,0
3,0,0
49,36,19
247,212,170
255,206,175
255,190,207
252,173,228
254,167,246
255,165,255
255,165,255
255,165,255
255,165,255
255,165,255
255,165,253
255,165,253
255,165,255
255,165,255
255,164,255
255,160,253
255,155,250
255,154,250
255,159,251
255,163,253
255,165,255
253,164,254
255,165,255
255,165,255
255,165,255
255,165,255
255,165,255
255,165,255
255,165,255
255,165,255
255,165,255
255,164,255
255,163,255
255,164,255
255,164,255
255,163,255
255,165,255
255,165,253
254,167,248
253,176,220
255,203,183
247,213,168
91,74,54
4,0,0
1,0,0
0,0,0
0,0,0
0,0,0
0,0,0
0,0,0
0,0,0
0,0,0
0,0,0
0,0,0
0,0,0
0,0,0
0,0,0
0,0,0
1,0,0
49,36,19
247,212,170
255,206,175
255,190,207
251,172,227
254,167,246
255,165,255
255,165,255
255,165,255
255,165,255
255,165,255
255,165,253
255,165,253
255,165,255
255,164,255
255,163,255
247,142,235
211,87,185
212,86,185
231,120,215
255,162,253
255,164,255
254,165,255
255,165,255
255,165,255
255,164,255
255,164,255
255,165,255
255,165,255
255,165,255
255,165,255
255,165,255
255,165,255
255,165,255
255,165,255
255,164,255
255,164,255
255,165,255
255,165,253
254,167,248
252,177,220
255,204,183
247,213,168
91,74,54
5,1,0
1,0,0
0,0,0
0,0,0
0,0,0
0,0,0
0,0,0
0,0,0
0,0,0
0,0,0
0,0,0
0,0,0
0,0,0
0,0,0
1,0,0
3,0,0
49,36,19
247,212,170
255,206,175
255,190,208
251,172,227
255,166,246
255,164,255
255,164,255
255,164,255
255,165,255
255,165,255
255,165,255
255,165,255
255,165,255
255,164,255
255,163,255
250,140,235
219,83,185
221,82,185
235,117,214
255,161,253
255,163,255
254,164,254
255,165,255
255,164,255
255,163,255
255,162,254
255,163,254
255,165,255
255,165,255
255,165,255
255,165,255
255,165,255
255,164,255
255,164,255
255,165,255
255,165,255
255,165,255
255,165,253
254,167,248
253,176,222
255,203,183
247,213,168
91,74,54
4,0,0
1,0,0
0,0,0
0,0,0
0,0,0
0,0,0
0,0,0
0,0,0
0,0,0
0,0,0
0,0,0
0,0,0
0,0,0
0,0,0
0,0,0
1,0,0
49,36,19
247,212,170
255,206,175
255,189,207
252,171,227
255,164,245
253,150,242
255,149,243
255,151,244
255,163,255
255,165,255
255,165,255
255,165,255
255,165,255
255,163,254
255,163,255
251,144,238
225,95,195
226,94,195
239,125,221
255,161,253
255,163,255
255,165,255
255,165,255
255,161,254
255,148,242
255,147,242
255,159,252
255,164,255
255,165,255
255,165,255
255,165,255
255,165,255
255,164,255
255,164,255
255,165,255
255,166,255
255,165,255
255,165,253
254,167,248
252,176,222
255,204,183
247,213,168
91,74,54
4,0,0
1,0,0
1,1,1
0,0,0
0,0,0
0,0,0
1,1,1
0,0,0
0,0,0
0,0,0
0,0,0
0,0,0
0,0,0
0,0,0
1,0,0
3,0,0
49,36,19
247,212,170
255,206,175
255,190,207
255,170,225
255,159,241
212,88,186
219,83,183
223,94,194
255,161,253
255,165,255
255,165,255
255,165,255
255,165,253
255,165,253
255,164,255
255,162,255
255,160,253
255,160,253
255,162,255
255,163,255
255,164,255
255,165,255
255,164,255
255,154,247
216,84,185
218,83,185
251,140,235
255,163,253
255,164,255
255,165,255
255,165,255
255,165,255
255,165,255
255,166,255
255,165,255
255,165,255
255,165,255
255,165,253
254,167,248
254,177,221
255,203,183
247,213,168
91,74,54
4,0,0
1,0,0
0,0,0
0,0,2
0,0,2
0,0,2
0,0,2
0,0,0
0,0,0
0,0,0
0,0,0
0,0,0
0,0,0
0,0,0
0,0,0
1,0,0
49,36,19
247,212,170
255,206,175
255,190,207
255,170,225
255,159,241
212,88,186
219,83,183
224,94,194
255,162,254
255,165,255
255,165,255
255,165,255
255,165,253
255,166,254
255,164,255
255,165,255
255,164,255
255,164,255
255,165,255
255,165,255
255,165,255
255,165,255
255,164,255
255,154,247
216,84,185
218,83,185
249,139,234
255,163,253
255,164,255
255,165,255
255,165,255
254,164,254
255,165,255
255,165,255
255,165,255
255,165,255
255,165,255
255,165,253
254,167,248
253,178,221
255,204,183
247,213,168
91,74,54
4,0,0
1,0,0
0,0,0
0,0,2
0,0,2
0,0,2
0,0,2
0,0,0
0,0,0
0,0,0
0,0,0
0,0,0
0,0,0
0,0,0
1,0,0
3,0,0
49,36,19
247,212,170
255,206,175
255,190,208
252,171,227
255,164,245
251,146,239
252,142,237
254,147,241
255,162,255
255,165,255
255,165,255
255,165,255
255,165,255
255,165,255
255,165,255
255,165,255
255,165,255
255,165,255
255,165,255
255,165,255
255,165,255
255,166,255
255,165,253
255,162,252
253,143,240
253,143,240
255,158,251
255,164,255
255,165,255
255,165,255
255,164,255
255,165,255
255,165,255
255,165,253
255,165,255
255,165,255
255,165,255
255,165,253
254,167,248
253,176,222
255,203,183
247,213,168
91,74,54
4,0,0
1,0,0
0,0,0
0,0,0
0,0,0
0,0,0
0,0,0
0,0,0
0,0,0
0,0,0
0,0,0
0,0,0
0,0,0
0,0,0
0,0,0
1,0,0
49,36,19
247,212,170
255,206,175
255,190,208
251,172,227
255,167,245
255,163,253
255,162,254
255,163,255
255,164,255
255,165,255
255,166,255
255,165,255
254,164,254
255,165,255
255,165,255
255,165,255
255,165,255
255,165,255
255,165,255
255,165,255
255,165,255
254,164,254
255,165,253
253,165,251
254,166,250
252,167,250
250,169,248
248,169,248
248,169,248
248,169,248
248,169,250
248,169,250
248,169,248
248,169,248
248,169,248
250,168,250
250,166,251
252,167,250
254,167,248
253,176,222
255,203,183
247,213,168
91,74,54
4,0,0
1,0,0
0,0,0
0,0,0
0,0,0
0,0,0
0,0,0
0,0,0
0,0,0
0,0,0
0,0,0
0,0,0
0,0,0
0,0,0
0,0,0
1,0,0
49,36,19
247,212,172
255,206,175
255,190,208
251,172,227
254,167,245
255,165,255
255,164,255
255,164,255
255,165,255
255,165,255
255,165,255
255,165,255
255,165,255
255,165,255
255,165,255
254,164,254
255,165,255
255,165,255
254,164,254
255,165,255
255,165,255
255,165,255
254,166,253
250,168,250
237,170,237
233,174,232
232,174,232
232,174,232
232,174,232
232,174,232
233,175,233
232,174,232
232,174,232
232,174,232
232,174,232
234,173,233
240,170,240
248,170,246
252,168,245
253,176,220
255,203,183
249,212,168
91,74,54
4,0,0
1,0,0
0,0,0
0,0,0
0,0,0
0,0,0
0,0,0
0,0,0
0,0,0
0,0,0
0,0,0
0,0,0
0,0,0
0,0,0
0,0,0
1,0,0
49,36,19
247,212,172
255,206,175
255,190,208
251,172,227
255,167,247
255,164,255
255,164,255
255,164,255
254,164,254
255,165,255
255,165,255
255,165,255
255,165,255
254,165,255
254,166,253
254,166,253
254,166,253
254,166,253
254,166,253
254,166,253
254,166,253
252,166,253
252,167,252
230,157,230
37,0,36
30,0,28
29,0,28
29,0,28
31,0,29
30,0,28
29,0,28
29,0,28
29,0,28
29,0,28
29,0,28
33,0,34
48,0,48
240,174,238
248,171,243
251,176,219
255,203,183
249,212,168
91,74,54
4,0,0
1,0,0
0,0,0
0,0,0
0,0,0
0,0,0
0,0,0
0,0,0
0,0,0
0,0,0
0,0,0
0,0,0
0,0,0
0,0,0
0,0,0
1,0,0
49,36,19
247,212,170
255,206,175
255,190,208
252,171,227
255,166,246
255,163,255
255,162,255
255,163,255
255,164,255
255,165,255
255,165,255
255,165,255
254,166,253
254,166,253
251,167,252
250,168,250
250,168,250
250,168,250
250,168,250
250,168,250
250,168,250
250,168,250
250,169,248
222,161,221
17,0,16
8,0,8
7,0,7
7,0,7
7,0,7
7,0,7
7,0,7
7,0,7
7,0,7
7,0,7
7,0,7
13,0,12
29,0,30
235,178,231
245,173,237
249,178,218
255,204,180
250,213,169
91,74,54
6,0,0
1,0,0
0,0,0
0,0,0
0,0,0
0,0,0
0,0,0
0,0,0
0,0,0
0,0,0
0,0,0
0,0,0
0,0,0
0,0,0
0,0,0
1,0,0
49,36,19
247,212,170
255,206,175
255,190,208
254,171,227
255,163,244
249,142,236
251,140,235
251,144,238
255,162,255
255,165,255
255,165,255
254,166,253
251,167,252
213,137,212
186,121,185
184,125,183
184,125,183
184,125,183
184,125,183
183,124,182
184,125,183
183,125,183
183,125,183
166,123,166
52,38,53
44,44,44
44,44,44
44,44,44
44,44,44
44,44,44
44,44,44
44,44,44
44,44,44
44,44,44
44,44,44
48,41,49
62,38,60
170,133,167
180,128,174
196,141,164
255,207,177
249,212,168
91,74,54
6,0,0
1,0,0
0,0,0
0,0,0
0,0,0
0,0,0
0,0,0
0,0,0
0,0,0
0,0,0
0,0,0
0,0,0
0,0,0
0,0,0
1,0,0
3,0,0
49,36,19
247,212,170
255,206,175
255,190,207
255,171,226
255,158,241
213,87,186
219,83,183
224,94,194
255,161,253
255,165,255
255,166,255
252,167,252
245,172,245
109,52,107
18,0,18
11,0,12
11,0,12
11,0,12
11,0,12
11,0,12
11,0,12
11,0,11
11,0,11
20,6,21
173,168,174
170,168,171
170,168,171
170,168,171
170,168,171
170,168,171
170,168,171
170,168,171
170,168,169
170,168,169
170,168,171
172,167,171
167,160,167
9,0,6
11,0,5
57,29,26
250,210,174
249,212,168
92,75,55
4,0,0
1,0,0
0,0,0
0,0,0
0,0,0
0,0,0
0,0,0
0,0,0
0,0,0
0,0,0
0,0,0
0,0,0
0,0,0
0,0,0
1,0,0
3,0,0
49,36,19
247,212,170
255,206,175
255,190,207
255,170,225
255,158,241
215,86,186
222,81,183
225,93,194
255,160,253
254,166,253
250,168,250
244,172,245
236,178,236
97,59,96
8,0,7
0,0,0
0,0,0
0,0,0
0,0,0
0,0,0
0,0,0
0,0,0
0,0,0
13,13,13
171,169,172
170,168,171
170,168,171
170,168,171
170,168,171
170,168,171
172,167,171
174,168,170
179,165,165
182,163,165
182,163,165
180,164,165
169,159,158
5,0,0
3,0,0
47,35,21
243,213,179
243,213,177
88,75,59
4,0,0
1,0,0
0,0,0
0,0,0
0,0,0
0,0,0
0,0,0
0,0,0
0,0,0
0,0,0
0,0,0
0,0,0
0,0,0
1,0,0
1,0,0
3,0,0
49,36,19
247,212,170
255,206,175
255,189,208
255,170,227
255,162,244
230,119,214
236,116,213
238,122,219
255,162,255
251,169,251
201,136,200
145,97,145
138,102,138
103,79,101
78,68,77
73,71,74
73,71,74
73,71,74
73,71,74
73,71,74
73,71,74
73,71,74
73,71,74
80,78,81
171,169,170
171,167,168
170,168,171
170,168,171
170,168,171
172,167,171
173,167,169
184,165,169
206,167,170
213,164,167
213,164,167
208,166,168
196,166,168
85,67,67
76,70,70
88,81,73
141,124,106
141,124,104
52,43,34
3,0,0
1,0,0
0,0,0
0,0,0
0,0,0
0,0,0
0,0,0
0,0,0
0,0,0
0,0,0
0,0,0
0,0,0
0,0,0
1,0,0
1,0,0
3,0,0
49,36,19
247,212,170
255,206,175
255,189,208
252,171,227
255,165,245
255,161,253
255,160,253
255,161,253
255,163,255
247,170,248
137,87,138
18,0,18
11,0,11
113,101,113
172,167,173
170,168,171
170,168,171
170,168,171
170,168,171
170,168,171
170,168,171
170,168,171
170,168,171
170,168,171
170,168,169
172,168,169
170,168,171
170,168,171
170,168,171
173,168,172
173,167,169
190,165,168
230,175,178
241,170,174
241,170,174
236,174,177
222,177,180
187,161,162
176,166,167
143,139,136
7,0,0
7,0,0
4,0,0
1,0,0
0,0,0
0,0,0
1,1,1
0,0,0
0,0,0
1,1,1
0,0,0
0,0,0
0,0,0
0,0,0
0,0,0
0,0,0
0,0,0
1,0,0
3,0,0
49,36,19
247,212,170
255,206,175
255,190,207
252,171,227
255,167,245
255,163,255
255,163,255
255,163,255
255,164,255
247,171,246
135,89,135
14,0,14
7,0,7
110,105,111
171,169,174
170,168,173
170,168,171
170,168,171
170,168,171
170,168,171
170,168,171
170,168,171
169,168,173
170,168,173
170,168,171
170,168,171
170,168,171
170,168,171
172,167,171
172,167,171
173,167,169
191,165,166
237,173,174
251,166,169
250,165,168
242,170,173
227,175,177
191,159,162
177,165,167
142,140,141
13,9,6
13,9,6
5,4,2
0,0,0
0,0,0
0,0,0
0,0,0
0,0,0
0,0,0
0,0,0
0,0,0
0,0,0
0,0,0
0,0,0
0,0,0
0,0,0
0,0,0
0,0,0
1,0,0
49,36,19
247,212,170
255,206,175
255,190,207
251,172,227
254,167,246
255,165,255
255,165,255
255,165,255
255,165,255
245,171,246
133,90,133
11,0,12
4,0,5
108,106,109
170,168,171
170,168,173
169,167,170
170,168,171
170,168,171
170,168,171
170,168,171
170,168,171
169,168,173
169,168,173
170,168,171
171,169,172
170,168,171
170,168,171
172,167,171
172,168,169
175,166,167
193,164,166
239,170,173
254,165,167
254,165,167
246,170,172
229,174,177
191,159,160
177,165,167
170,168,171
168,168,168
168,168,168
59,59,59
0,0,0
0,0,0
1,1,1
0,0,0
0,0,0
0,0,0
0,0,0
0,0,0
0,0,0
0,0,0
0,0,0
0,0,0
0,0,0
0,0,0
1,0,0
3,0,0
49,36,19
247,212,170
255,206,175
255,190,208
251,172,227
254,167,246
255,165,255
255,166,255
255,165,255
255,165,255
247,171,246
135,89,135
14,0,14
7,0,7
111,106,112
170,168,173
170,168,171
170,168,171
170,168,171
169,169,171
169,169,171
170,168,171
170,168,171
170,168,171
169,167,170
170,168,171
170,168,171
170,168,171
170,168,171
170,168,171
172,167,171
175,166,169
193,164,166
237,173,174
249,167,171
249,167,171
242,170,173
227,175,179
192,160,163
177,165,167
170,168,171
170,168,171
170,168,171
59,59,59
0,0,0
0,0,0
0,0,0
0,0,0
1,1,1
0,0,0
0,0,0
0,0,0
0,0,0
0,0,0
0,0,0
0,0,0
0,0,0
0,0,0
0,0,0
1,0,0
49,36,19
247,212,170
255,206,175
255,190,208
251,172,227
253,166,245
255,165,255
255,165,255
255,165,255
255,165,255
248,169,248
162,104,162
67,26,68
58,32,59
110,93,111
139,132,139
145,143,146
170,168,171
170,168,171
169,169,171
170,170,172
170,168,171
170,168,171
170,168,171
170,168,171
170,168,171
170,168,171
182,180,183
187,185,188
188,186,189
140,138,139
138,132,134
159,139,140
221,172,175
229,169,171
229,169,171
223,171,175
214,175,178
186,161,165
176,165,169
170,168,171
170,168,171
170,168,171
59,59,59
0,0,0
0,0,0
0,0,0
1,1,1
0,0,0
0,0,0
0,0,0
0,0,0
0,0,0
0,0,0
0,0,0
1,0,0
1,0,0
0,0,0
1,0,0
3,0,0
49,36,19
247,212,170
255,206,175
255,190,207
251,172,227
254,167,246
255,165,255
255,164,255
255,165,255
255,165,255
253,168,253
248,169,248
243,173,243
234,179,234
96,60,96
7,0,7
46,46,46
171,169,172
170,168,171
170,168,171
170,168,171
169,167,170
170,168,171
170,168,171
170,168,171
172,167,171
172,167,171
231,229,232
255,254,255
255,255,255
25,23,24
1,0,0
41,32,33
180,164,165
184,162,165
184,162,165
183,163,165
179,164,167
176,165,169
172,167,171
170,168,171
170,168,171
170,168,171
59,59,59
0,0,0
0,0,0
0,0,0
0,0,0
0,0,0
0,0,0
0,0,0
0,0,0
0,0,0
0,0,0
0,0,0
1,0,0
1,0,0
0,0,0
0,0,0
1,0,0
49,36,19
247,212,170
255,206,175
255,190,207
251,172,227
254,167,246
255,165,255
255,164,255
254,164,254
255,165,255
255,164,253
255,161,252
255,163,250
252,168,243
113,50,105
20,0,16
53,41,53
173,168,174
170,168,171
170,168,171
170,168,171
170,168,171
170,168,171
170,168,171
170,168,171
172,167,171
170,168,171
231,229,232
255,254,255
255,255,255
24,24,24
0,0,0
35,35,35
170,168,171
170,168,171
170,168,171
170,168,171
170,168,171
170,168,171
170,168,171
170,168,171
170,168,171
170,168,171
59,59,59
0,0,0
0,0,0
0,0,0
0,0,0
0,0,0
0,0,0
0,0,0
0,0,0
0,0,0
0,0,0
0,0,0
0,0,0
0,0,0
0,0,0
1,0,0
3,0,0
49,36,19
247,212,170
255,206,175
255,190,208
251,172,227
254,167,246
255,165,255
255,165,255
255,165,255
255,165,255
255,162,253
250,134,231
228,108,205
225,110,201
204,107,186
177,111,172
139,101,138
60,48,60
53,53,53
104,102,105
170,168,171
170,168,171
170,168,171
170,168,171
170,168,171
170,168,171
170,168,171
106,104,105
80,80,80
81,81,81
8,8,8
0,0,0
35,35,35
170,168,171
170,168,171
126,126,126
53,53,53
53,53,53
53,53,53
53,53,53
73,73,73
170,168,171
170,168,171
59,59,59
0,0,0
0,0,0
95,95,95
115,115,115
62,62,62
0,0,0
0,0,0
0,0,0
0,0,0
0,0,0
0,0,0
0,0,0
0,0,0
0,0,0
0,0,0
1,0,0
49,36,19
247,212,170
255,206,174
255,191,201
250,174,220
252,169,239
254,166,250
255,165,253
255,165,255
255,165,255
255,162,254
243,123,220
214,86,183
212,86,183
244,134,223
252,168,245
180,125,180
14,0,14
4,0,5
77,72,78
172,167,173
170,168,171
170,168,171
169,167,170
169,167,170
169,167,170
169,167,170
47,47,47
0,0,0
0,0,0
0,0,0
0,0,0
34,34,34
170,168,171
170,168,171
107,107,107
0,0,0
0,0,0
0,0,0
0,0,0
29,29,29
170,168,171
170,168,171
59,59,59
0,0,0
0,0,0
139,139,139
169,169,169
92,92,92
0,0,0
0,0,0
0,0,0
0,0,0
0,0,0
0,0,0
0,0,0
0,0,0
0,0,0
1,0,0
3,0,0
49,36,19
247,212,170
255,208,168
255,194,189
248,178,202
251,173,225
252,169,241
254,166,250
255,165,255
255,165,255
255,162,253
239,125,220
209,88,183
208,89,183
244,133,225
255,166,250
187,120,187
24,0,25
14,0,14
81,67,82
173,166,174
172,167,173
170,168,171
170,168,171
170,168,171
170,168,171
170,168,171
47,47,47
0,0,0
0,0,0
0,0,0
1,0,2
36,34,37
170,168,171
170,168,171
107,107,107
0,0,0
0,0,0
0,0,0
0,0,0
29,29,29
170,168,171
170,168,171
59,59,59
0,0,0
0,0,0
139,139,139
169,169,169
92,92,92
0,0,0
0,0,0
0,0,0
0,0,0
0,0,0
0,0,0
0,0,0
0,0,0
0,0,0
0,0,0
1,0,0
49,36,19
247,212,170
255,209,163
255,204,178
255,198,197
255,191,219
251,173,225
254,168,241
255,165,252
255,165,253
255,163,253
255,156,248
255,149,243
255,149,243
255,156,248
255,165,252
240,163,241
211,151,211
201,158,201
124,100,124
29,17,29
25,20,26
162,160,163
170,168,171
170,168,171
170,168,171
170,168,171
153,153,153
147,147,147
147,147,147
148,148,148
148,146,149
153,151,154
170,168,171
170,168,171
161,161,161
147,147,147
141,141,141
1,1,1
0,0,0
29,29,29
170,168,171
170,168,171
59,59,59
0,0,0
0,0,0
140,140,140
169,169,169
92,92,92
0,0,0
0,0,0
0,0,0
0,0,0
0,0,0
0,0,0
0,0,0
0,0,0
0,0,0
1,0,0
3,0,0
49,36,19
247,212,170
255,210,160
255,208,165
255,205,177
255,199,198
248,178,206
251,172,227
254,168,243
255,165,252
255,164,255
255,163,253
255,163,253
255,163,253
255,163,255
255,166,255
252,166,253
249,167,249
241,175,239
137,99,136
11,0,11
4,0,5
162,160,163
170,168,171
170,168,171
170,168,171
170,168,171
170,168,171
170,168,171
170,168,171
170,168,171
170,168,171
170,168,171
170,168,171
170,168,171
171,169,172
170,168,171
163,163,163
1,1,1
0,0,0
28,28,28
170,168,171
169,167,170
59,59,59
0,0,0
0,0,0
138,138,138
169,169,169
92,92,92
0,0,0
0,0,0
0,0,0
0,0,0
0,0,0
0,0,0
0,0,0
0,0,0
0,0,0
0,0,0
1,0,0
49,36,19
247,212,170
255,211,156
255,211,156
255,209,163
255,204,178
253,192,189
255,186,207
255,180,228
255,168,246
255,165,255
255,165,255
255,165,255
255,165,255
255,165,255
255,165,255
255,165,255
255,164,255
247,171,246
140,97,140
13,0,12
4,0,5
161,159,162
170,168,171
170,168,171
170,168,171
170,168,171
170,168,171
170,168,171
170,168,171
170,168,171
169,167,170
170,168,171
170,168,171
170,168,171
170,168,171
170,168,171
163,163,163
1,1,1
0,0,0
29,29,29
170,168,171
170,168,171
59,59,59
0,0,0
0,0,0
73,73,73
88,88,88
49,49,49
0,0,0
0,0,0
0,0,0
0,0,0
0,0,0
0,0,0
0,1,0
0,1,0
0,0,0
1,0,0
3,0,0
49,36,19
247,212,170
255,211,156
255,211,156
255,210,160
255,208,165
255,207,172
255,205,181
255,195,203
252,170,234
255,165,255
255,165,255
255,165,255
255,165,255
255,165,255
255,165,255
255,165,255
255,165,255
245,171,246
139,98,140
11,0,11
4,0,4
160,160,160
169,169,171
168,168,170
170,168,171
170,168,171
170,168,171
170,168,171
170,168,171
170,168,171
170,168,171
170,168,171
170,168,171
170,168,171
170,168,171
170,168,171
163,163,163
1,1,1
1,1,1
29,29,29
170,168,171
170,168,171
59,59,59
0,0,0
0,0,0
0,0,0
0,0,0
0,0,0
0,0,0
0,0,0
0,0,0
0,0,0
0,0,0
0,0,0
0,1,0
0,1,0
0,0,0
0,0,0
1,0,0
46,37,22
240,214,181
249,212,167
252,212,161
254,211,160
255,210,158
255,210,158
255,210,160
255,200,179
250,176,211
252,170,232
252,170,232
252,170,232
252,170,232
252,170,232
252,170,232
252,170,232
252,170,232
243,176,227
136,100,126
10,0,5
4,0,2
160,160,160
170,170,172
169,169,171
170,168,171
170,168,171
170,168,171
170,168,171
169,167,170
170,168,171
170,168,171
170,168,171
170,168,171
170,168,171
170,168,171
170,168,171
163,163,163
1,1,1
0,0,0
29,29,29
170,168,171
170,168,171
58,58,58
1,1,1
0,0,0
0,0,0
0,0,0
0,0,0
0,0,0
0,0,0
0,0,0
0,0,0
0,0,0
0,0,0
0,0,0
0,0,0
1,0,0
2,0,1
1,1,0
16,13,6
91,78,62
98,77,50
154,122,84
250,212,165
254,211,160
255,211,156
255,210,158
255,207,167
254,196,184
255,193,194
255,193,194
255,193,194
255,193,194
255,193,194
255,193,194
255,193,194
255,193,194
248,196,198
141,113,112
10,0,0
4,0,0
161,159,162
169,167,168
170,168,169
171,169,172
170,168,171
169,169,169
169,169,169
171,169,172
170,168,171
170,168,171
170,168,171
170,168,171
170,168,171
131,129,132
63,61,64
60,60,60
0,0,0
0,0,0
29,29,29
170,168,171
170,168,171
59,59,59
0,0,0
0,0,0
0,0,0
0,0,0
0,0,0
0,0,0
1,1,1
0,0,0
0,0,0
0,0,0
0,0,0
0,0,0
0,0,0
1,0,0
0,0,0
0,1,0
0,0,0
4,0,0
10,0,0
93,69,41
245,213,174
249,212,167
250,212,163
250,212,163
252,211,167
253,208,175
253,208,179
253,208,179
253,208,179
253,208,179
253,208,179
252,208,179
252,208,179
253,208,179
246,210,186
140,121,107
7,0,0
3,0,0
161,159,162
170,168,169
170,168,169
170,168,171
170,168,171
170,170,170
169,169,169
170,168,171
170,168,171
170,168,171
170,168,171
170,168,171
170,168,171
108,106,109
1,0,2
0,0,0
0,0,0
0,0,0
30,30,30
170,168,171
170,168,171
59,59,59
0,0,0
0,0,0
0,0,0
0,0,0
0,0,0
0,0,0
0,0,0
0,0,0
0,0,0
0,0,0
0,0,0
0,0,0
0,0,0
0,0,0
0,0,0
0,1,0
0,0,0
1,0,0
6,0,0
84,69,50
232,211,184
235,211,177
238,210,173
238,209,175
238,209,175
238,209,177
238,209,179
238,209,179
238,209,179
238,209,179
238,209,179
238,209,179
238,209,179
238,209,179
234,210,186
134,120,107
6,0,0
1,0,0
160,160,160
170,168,171
171,169,172
170,168,171
171,169,172
169,169,169
169,169,169
170,168,171
168,166,169
167,167,167
167,167,167
170,168,171
170,168,171
109,107,110
4,2,5
3,3,3
0,0,0
0,0,0
29,29,29
170,168,171
170,168,171
58,58,58
1,1,1
0,0,0
0,0,0
0,0,0
0,0,0
0,0,0
0,0,0
0,0,0
0,0,0
0,0,0
0,0,0
0,0,0
0,0,0
0,0,0
0,0,0
0,1,0
0,0,0
0,0,0
3,0,0
10,2,0
21,9,0
23,8,0
25,9,0
25,9,0
25,9,0
25,9,0
25,9,0
25,9,0
25,9,0
25,9,0
25,9,0
25,9,0
25,9,0
25,9,0
22,9,0
13,5,0
3,0,0
1,0,0
159,159,159
170,168,171
170,168,171
171,169,172
170,168,171
169,169,169
169,169,169
171,169,172
25,23,26
8,8,8
41,41,41
170,168,171
170,168,171
167,165,168
163,161,164
156,156,156
1,1,1
0,0,0
29,29,29
170,168,171
170,168,171
59,59,59
0,0,0
0,0,0
0,0,0
0,0,0
0,0,0
0,0,0
0,0,0
0,0,0
0,0,0
0,0,0
0,0,0
0,0,0
0,0,0
0,0,0
0,0,0
0,0,0
0,0,0
0,0,0
1,0,0
3,0,0
4,0,0
4,0,0
4,0,0
4,0,0
4,0,0
4,0,0
5,0,0
4,0,0
4,0,0
4,0,0
4,0,0
4,0,0
4,0,0
4,0,0
4,0,0
3,0,0
1,0,0
1,0,0
161,159,160
170,168,171
170,168,171
172,167,173
172,167,173
170,168,171
170,168,171
171,169,172
17,15,18
0,0,0
35,35,35
170,168,171
169,167,170
170,168,171
171,169,172
163,161,164
2,0,3
0,0,0
29,29,29
170,168,171
170,168,171
59,59,59
0,0,0
0,0,0
0,0,0
0,0,0
0,0,0
0,0,0
0,0,0
0,0,0
0,0,0
0,0,0
0,0,0
0,0,0
0,0,0
0,0,0
0,0,0
0,0,0
0,0,0
0,0,0
0,0,0
0,0,0
0,0,0
0,0,0
0,0,0
0,0,0
0,0,0
0,0,2
0,0,2
0,0,0
0,0,0
0,0,2
0,0,2
0,0,0
0,0,0
0,0,0
0,0,0
8,8,8
18,18,16
19,17,18
162,160,161
170,168,171
170,168,171
172,167,173
172,167,173
170,168,171
170,168,171
171,169,172
34,32,35
18,18,18
49,49,49
170,168,171
170,168,171
170,168,171
170,168,171
164,162,165
2,0,3
0,0,0
29,29,29
170,168,171
170,168,171
59,59,59
0,0,0
0,0,0
15,15,15
18,18,18
9,9,9
0,0,0
0,0,0
0,0,0
0,0,0
0,0,0
0,0,0
0,0,0
0,0,0
0,0,0
0,0,0
0,0,0
0,0,0
0,0,0
0,0,0
0,0,0
0,0,0
0,0,0
0,0,0
0,0,0
0,0,0
0,0,0
0,0,0
0,0,0
0,0,0
0,0,0
0,0,0
0,0,0
0,0,0
0,1,0
0,1,0
73,73,73
169,169,169
170,168,171
170,168,171
170,168,171
170,168,171
170,168,171
170,168,171
171,169,172
170,168,171
172,167,171
172,167,171
170,168,171
170,168,171
170,168,171
170,168,171
170,168,171
170,168,171
163,163,163
0,0,0
0,0,0
29,29,29
170,168,171
170,168,171
59,59,59
0,0,0
0,0,0
138,138,138
169,169,169
92,92,92
0,0,0
0,0,0
0,0,0
0,0,0
0,0,0
0,0,0
0,0,0
0,0,0
0,0,0
0,0,0
0,0,0
0,0,0
0,0,0
0,0,0
0,0,0
0,0,0
0,0,0
0,0,0
0,0,0
0,0,0
0,0,0
0,0,0
0,0,0
0,0,0
0,0,0
0,0,0
0,0,0
0,0,0
0,0,0
0,0,0
74,74,74
169,169,169
170,168,171
170,168,171
170,168,171
170,168,171
170,168,171
170,168,171
170,168,171
169,167,170
171,169,172
170,168,171
170,168,171
170,168,171
170,168,171
170,168,171
170,168,171
170,168,171
163,163,163
1,1,1
0,0,0
29,29,29
170,168,171
169,167,170
59,59,59
0,0,0
0,0,0
139,139,139
169,169,169
92,92,92
0,0,0
0,0,0
0,0,0
0,0,0
0,0,0
0,0,0
0,0,0
0,0,0
0,0,0
0,0,0
0,0,0
0,0,0
0,0,0
0,0,0
0,0,0
0,0,0
0,0,0
0,0,0
0,0,0
0,0,0
0,0,0
0,0,0
0,0,0
0,0,0
0,0,0
0,0,0
0,0,0
33,33,33
125,125,125
126,124,127
145,143,146
170,168,171
170,168,171
170,168,171
170,168,171
170,168,171
170,168,171
170,168,171
214,214,214
232,232,232
232,232,234
63,63,65
45,45,45
71,71,71
170,168,171
171,169,172
123,123,123
45,45,45
44,44,44
0,0,0
0,0,0
28,28,28
170,168,171
170,168,171
59,59,59
0,0,0
0,0,0
139,139,139
169,169,169
92,92,92
0,0,0
0,0,0
0,0,0
0,0,0
0,0,0
0,0,0
0,0,0
0,0,0
0,0,0
0,0,0
0,0,0
0,0,0
0,0,0
0,0,0
0,0,0
0,0,0
0,0,0
0,0,0
0,0,0
0,0,0
0,0,0
0,0,0
0,0,0
1,1,1
0,0,0
0,0,0
0,0,0
45,45,45
170,168,171
170,168,171
170,168,171
170,168,171
170,168,171
170,168,171
170,168,171
170,168,171
170,168,171
170,168,171
230,230,230
255,255,255
255,255,255
24,24,26
0,0,0
35,35,35
170,168,171
170,168,171
107,107,107
0,0,0
0,0,0
0,0,0
0,0,0
30,30,30
171,169,172
170,168,171
59,59,59
0,0,0
0,0,0
139,139,139
169,169,169
92,92,92
0,0,0
0,0,0
0,0,0
0,0,0
0,0,0
0,0,0
0,0,0
0,0,0
0,0,0
0,0,0
0,0,0
0,0,0
0,0,0
0,0,0
0,0,0
0,0,0
0,0,0
0,0,0
0,0,0
0,0,0
0,0,0
0,0,0
0,0,0
0,0,0
0,0,0
0,0,0
1,1,1
46,46,46
171,169,172
169,167,170
170,168,171
170,168,171
170,168,171
169,167,170
170,168,171
170,168,171
170,168,171
170,168,171
230,230,230
254,254,254
255,253,254
25,23,24
1,1,1
35,35,35
170,168,171
170,168,171
108,106,109
2,0,3
1,1,1
1,1,1
1,1,1
30,30,30
170,168,171
170,168,171
59,59,59
0,0,0
0,0,0
138,138,138
168,168,168
92,92,92
0,0,0
0,0,0
0,0,0
0,0,0
0,0,0
0,0,0
0,0,0
0,0,0
0,0,0
0,0,0
0,0,0
0,0,0
0,0,0
0,0,0
0,0,0
0,0,0
0,0,0
0,0,0
0,0,0
0,0,0
0,0,0
0,0,0
1,1,1
0,0,0
0,0,0
97,97,97
155,155,155
159,159,159
170,168,171
170,168,171
171,169,172
170,168,171
170,168,171
170,168,171
170,168,171
170,168,171
170,168,171
170,168,171
62,62,62
21,21,21
22,20,21
3,1,2
0,0,0
36,34,35
172,168,169
173,167,169
168,162,164
159,153,155
158,154,155
156,154,155
155,155,155
158,158,158
170,168,171
170,168,171
59,59,59
0,0,0
0,0,0
11,11,11
14,14,14
7,7,7
0,0,0
0,0,0
0,0,0
0,0,0
0,0,0
0,0,0
0,0,0
0,0,0
0,0,0
0,0,0
0,0,0
0,0,0
0,0,0
0,0,0
0,0,0
0,0,0
0,0,0
0,0,0
0,0,0
0,0,0
0,0,0
0,0,0
0,0,0
0,0,0
1,0,2
108,106,109
170,168,171
170,168,171
170,168,171
170,168,171
170,168,171
170,168,171
170,168,171
170,168,171
170,168,171
169,167,170
170,168,171
170,168,171
47,47,47
0,0,0
0,0,0
0,0,0
1,0,0
37,33,34
176,166,167
179,164,167
180,164,167
179,164,167
176,165,169
173,167,169
172,167,171
170,168,171
170,168,171
170,168,171
59,59,59
0,0,0
0,0,0
0,0,0
0,0,0
0,0,0
0,0,0
0,0,0
0,0,0
0,0,0
0,0,0
0,0,0
0,0,0
0,0,0
0,0,0
0,0,0
0,0,0
0,0,0
0,0,0
0,0,0
0,0,0
0,0,0
0,0,0
0,0,0
0,0,0
0,0,0
0,0,0
0,0,0
0,0,0
0,0,0
1,0,2
108,106,109
170,168,171
170,168,171
170,168,171
170,168,171
170,168,171
170,168,171
170,168,171
170,168,171
170,168,171
170,168,171
170,168,171
170,168,171
93,93,95
63,63,63
63,63,63
64,62,63
66,62,63
95,83,83
197,168,170
202,166,168
204,165,168
199,167,170
194,169,172
179,164,167
173,167,169
159,157,160
108,106,109
108,106,109
37,37,37
0,0,0
0,0,0
0,0,0
0,0,0
0,0,0
0,0,0
0,0,0
0,0,0
0,0,0
0,0,0
0,0,0
0,0,0
0,0,0
0,0,0
0,0,0
0,0,0
0,0,0
0,0,0
0,0,0
0,0,0
0,0,0
0,0,0
0,0,0
0,0,0
0,0,0
0,0,0
0,0,0
0,0,0
0,0,0
1,0,2
108,106,109
170,168,171
170,168,171
170,168,171
170,168,171
170,168,171
170,168,171
170,168,171
170,168,171
170,168,171
170,168,171
169,167,170
170,168,171
170,168,171
170,168,171
170,168,171
172,168,169
173,167,169
190,165,168
231,175,176
242,170,171
242,170,173
237,173,174
222,178,179
189,160,162
176,166,167
141,139,142
0,0,0
0,0,0
0,0,0
0,0,0
0,0,0
0,0,0
0,0,0
0,0,0
0,0,0
0,0,0
0,0,0
0,0,0
0,0,0
0,0,0
0,0,0
0,0,0
0,0,0
0,0,0
0,0,0
0,0,0
0,0,0
0,0,0
0,0,0
0,0,0
0,0,0
0,0,0
0,0,0
0,0,0
0,0,0
0,0,0
0,0,0
0,0,0
1,0,2
108,106,109
170,168,171
170,168,171
170,168,171
170,168,171
170,168,171
169,167,170
170,168,171
170,168,171
170,168,171
170,168,171
170,168,171
170,168,171
170,168,173
170,168,173
170,168,171
172,167,171
175,166,169
194,164,166
241,171,173
255,165,165
255,165,167
247,168,171
230,174,175
193,159,160
177,165,167
141,139,142
0,0,0
0,0,0
0,0,0
0,0,0
0,0,0
0,0,0
0,0,0
0,0,0
0,0,0
0,0,0
0,0,0
0,0,0
0,0,0
0,0,0
0,0,0
0,0,0
0,0,0
0,0,0
0,0,0
0,0,0
0,0,0
0,0,0
0,0,0
0,0,0
0,0,0
0,0,0
0,0,0
0,0,0
0,0,0
0,0,0
0,0,0
0,0,0
0,0,0
49,49,49
80,80,80
80,80,80
80,80,80
80,80,80
79,79,79
80,80,80
80,80,80
80,80,80
80,80,80
87,87,87
172,170,173
170,168,171
170,168,171
170,168,171
170,168,173
172,167,171
176,165,169
195,163,166
241,171,173
255,165,167
255,165,167
247,168,171
227,171,172
105,71,72
87,75,75
65,65,65
0,0,0
0,0,0
0,0,0
0,0,0
0,0,0
0,0,0
0,0,0
0,0,0
0,0,0
0,0,0
0,0,0
0,0,0
0,0,0
0,0,0
0,0,0
0,0,0
0,0,0
0,0,0
0,0,0
0,0,0
0,0,0
0,0,0
0,0,0
0,0,0
0,0,0
0,0,0
0,0,0
0,0,0
0,0,0
0,0,0
0,0,0
1,1,1
0,0,0
0,0,0
0,0,0
0,0,0
0,0,0
0,0,0
0,0,0
0,0,0
0,0,0
0,0,0
0,0,0
13,13,13
171,169,172
169,167,170
170,168,171
170,168,171
170,168,171
172,167,171
176,167,170
191,165,168
234,174,176
245,169,171
245,169,171
238,172,173
220,172,172
21,0,0
7,0,0
0,0,0
0,0,0
0,0,0
0,0,0
0,0,0
0,0,0
0,0,0
0,0,0
0,0,0
0,0,0
0,0,0
0,0,0
0,0,0
0,0,0
0,0,0
0,0,0
0,0,0
0,0,0
0,0,0
0,0,0
0,0,0
0,0,0
0,0,0
0,0,0
0,0,0
0,0,0
0,0,0
0,0,0
0,0,0
0,0,0
0,0,0
0,0,0
0,0,0
0,0,0
0,0,0
0,0,0
0,0,0
0,0,0
0,0,0
0,0,0
0,0,0
0,0,0
0,0,0
0,0,0
10,10,10
144,144,144
143,143,143
143,143,143
143,143,143
143,143,143
145,143,144
146,142,143
157,141,142
188,149,150
197,147,148
196,146,147
193,149,150
177,147,147
13,0,0
5,0,0
0,0,0
0,0,0
0,0,0
0,0,0
0,0,0
0,0,0
0,0,0
0,0,0
0,0,0
0,0,0
0,0,0
0,0,0
0,0,0
0,0,0
0,0,0
0,0,0
0,0,0
0,0,0
0,0,0
0,0,0
0,0,0
0,0,0
0,0,0
0,0,0
0,0,0
0,0,0
0,0,0
0,0,0
0,0,0
0,0,0
0,0,0
1,1,1
0,0,0
0,0,0
0,0,0
0,0,0
0,0,0
0,0,0
0,0,0
0,0,0
0,0,0
0,0,0
0,0,0
0,0,0
0,0,0
0,0,0
0,0,0
0,0,0
0,0,0
0,0,0
0,0,0
1,0,0
6,0,0
14,0,0
18,0,0
18,0,0
17,0,0
11,0,0
7,0,0
1,0,0
0,0,0
0,0,0
0,0,0
0,0,0
0,0,0
0,0,0
0,0,0
0,0,0
0,0,0
0,0,0
0,0,0
0,0,0
0,0,0
0,0,0
0,0,0
0,0,0
0,0,0
0,0,0
0,0,0
0,0,0
0,0,0
0,0,0
0,0,0
0,0,0
0,0,0
0,0,0
0,0,0
0,0,0
0,0,0
0,0,0
0,0,0
0,0,0
0,0,0
0,0,0
0,0,0
0,0,0
0,0,0
1,1,1
0,0,0
0,0,0
0,0,0
0,0,0
0,0,0
0,0,0
0,0,0
0,0,0
0,0,0
1,0,0
1,0,0
0,0,0
1,1,1
0,0,0
1,0,0
4,0,0
6,0,0
6,0,0
6,0,0
4,0,0
3,0,0
0,0,0
0,0,0
0,0,0
1,0,0
0,0,0
0,0,0
0,0,0
0,0,0
0,0,0
0,0,0
0,0,0
0,0,0
0,0,0
0,0,0
0,0,0
0,0,0
0,0,0
0,0,0
0,0,0
0,0,0
0,0,0
0,0,0
0,0,0
0,0,0
0,0,0
0,0,0
0,0,0
0,0,0
0,0,0
0,0,0
0,0,0
0,0,0
0,0,0
1,1,1
0,0,0
0,0,0
0,0,0
0,0,0
0,0,0
0,0,0
0,0,0
0,0,0
0,0,0
0,0,0
0,0,0
0,0,0
0,0,0
0,0,0
1,0,0
1,0,0
0,0,0
0,0,0
0,0,0
0,0,0
0,1,0
0,1,0
0,0,0
0,0,0
0,0,0
0,0,0
0,1,0
0,0,0
0,0,0
1,0,0
0,0,0
0,0,0
0,0,0
0,0,0
0,0,0
0,0,0
0,0,0
0,0,0
0,0,0
0,0,0
0,0,0
0,0,0
0,0,0
0,0,0
0,0,0
0,0,0
0,0,0
0,0,0
0,0,0
0,0,0
0,0,0
0,0,0
0,0,0
0,0,0
0,0,0
0,0,0
0,0,0
0,0,0
0,0,0
0,0,0
0,0,0
0,0,0
0,0,0
0,0,0
0,0,0
0,0,0
0,0,0
0,0,0
0,0,0
0,0,0
0,0,0
0,0,0
0,0,0
0,0,0
0,0,0
0,0,0
0,0,0
0,0,0
0,0,0
0,0,0
0,0,0
0,0,0
0,0,0
0,0,0
0,0,0
0,0,0
0,0,0
0,0,0
0,0,0
0,0,0
0,0,0
0,0,0
0,0,0
0,0,0
0,0,0
0,0,0
0,0,0
0,0,0
0,0,0
0,0,0
0,0,0
0,0,0
0,0,0
0,0,0
0,0,0
0,0,0
0,0,0
0,0,0
0,0,0
0,0,0
0,0,0
0,0,0
0,0,0
0,0,0
0,0,0
0,0,0
0,0,0
0,0,0
0,0,0
0,0,0
0,0,0
0,0,0
0,0,0
0,0,0
0,0,0
0,0,0
0,0,0
0,0,0
0,0,0
0,0,0
0,0,0
0,0,0
0,0,0
0,0,0
0,0,0
0,0,0
0,0,0
0,0,0
0,0,0
0,0,0
0,0,0
0,0,0
0,0,0
0,0,0
0,0,0
0,0,0
0,0,0
0,0,0
0,0,0
0,0,0
0,0,0
0,0,0
0,0,0
0,0,0
0,0,0
0,0,0
0,0,0
0,0,0
0,0,0
0,0,0
0,0,0
0,0,0
0,0,0
0,0,0
0,0,0
0,0,0
0,0,0
0,0,0
0,0,0
0,0,0
0,0,0
0,0,0
0,0,0
0,0,0
0,0,0
0,0,0
0,0,0
0,0,0
0,0,0
0,0,0
0,0,0
0,0,0
0,0,0
0,0,0
0,0,0
0,0,0
0,0,0
0,0,0
0,0,0
0,0,0
0,0,0
0,0,0
0,0,0
0,0,0
0,0,0
0,0,0
0,0,0
0,0,0
0,0,0
0,0,0
0,0,0
0,0,0
0,0,0
0,0,0
0,0,0
0,0,0
0,0,0
0,0,0
0,0,0
0,0,0
0,0,0
0,0,0
0,0,0
0,0,0
0,0,0
0,0,0
0,0,0
0,0,0
0,0,0
0,0,0
0,0,0
0,0,0
