119,121,118
121,123,120
123,123,121
126,126,126
128,129,131
135,136,138
141,142,146
137,138,142
127,126,131
128,127,132
126,126,128
117,115,118
93,89,90
75,69,71
114,110,109
152,151,149
160,160,158
140,140,138
107,106,104
82,81,79
71,71,69
80,80,78
88,87,83
81,80,76
100,100,98
151,151,149
150,149,147
121,120,118
102,101,99
95,94,92
85,81,80
71,67,66
68,62,62
75,69,69
104,100,99
111,110,108
115,114,112
125,124,122
124,124,122
106,106,104
83,85,82
63,65,62
54,56,55
45,47,46
72,72,72
95,95,95
98,97,95
102,101,99
100,100,98
100,100,100
92,93,95
60,61,65
35,38,43
37,40,47
30,33,40
22,25,32
19,20,25
16,17,21
20,21,26
20,21,26
89,91,88
93,95,92
93,93,91
113,113,113
120,121,123
136,137,139
142,143,147
142,143,147
135,134,139
137,136,141
137,136,141
125,123,126
120,115,119
116,112,113
105,103,104
129,128,126
143,143,141
136,136,134
117,116,114
96,95,93
77,77,75
81,81,79
83,82,78
63,62,58
112,112,110
162,162,160
150,149,147
96,95,93
82,81,79
91,90,88
72,68,67
60,56,55
64,60,59
78,74,73
106,105,103
116,115,113
119,117,118
82,82,82
37,37,37
27,27,27
25,27,26
23,25,24
21,23,22
21,23,22
35,35,35
97,97,97
100,99,97
103,102,100
103,103,101
100,100,100
50,51,53
44,45,49
37,40,45
27,30,37
22,25,32
19,22,27
19,20,25
19,20,24
24,25,30
22,23,28
85,87,84
84,86,83
86,86,86
116,116,116
124,124,126
139,138,143
144,145,150
146,147,152
144,145,150
144,145,150
148,147,153
146,145,150
147,145,150
130,128,133
86,86,88
79,79,81
115,115,117
124,124,124
122,120,121
115,113,114
91,90,88
85,84,82
85,84,80
64,63,59
94,94,92
161,161,159
148,147,145
84,83,81
82,81,79
93,92,90
82,80,81
63,61,62
51,50,48
74,73,71
108,106,107
119,117,118
124,124,126
53,53,55
25,25,27
25,26,28
26,27,29
22,23,25
22,23,25
22,23,25
26,27,29
45,45,47
63,61,62
104,102,103
103,103,103
86,86,86
43,44,48
40,41,46
32,33,38
25,26,31
23,24,29
23,24,29
24,25,30
24,25,30
24,24,32
24,24,32
91,93,90
81,83,80
85,85,85
121,121,121
126,126,128
140,139,144
146,147,152
147,148,153
146,147,152
147,148,153
150,149,155
151,150,156
150,149,155
144,143,149
122,121,126
85,85,87
86,86,88
86,86,88
86,84,85
86,85,83
77,76,74
86,85,81
87,86,82
66,65,61
57,58,53
142,142,140
143,142,140
81,80,78
73,72,70
90,89,87
85,83,84
62,60,61
55,54,52
79,78,76
114,112,113
125,125,127
86,85,90
79,78,83
38,39,43
25,26,30
29,30,34
22,23,27
25,26,28
26,27,29
24,25,27
17,18,20
43,43,43
104,104,104
101,101,101
42,42,44
32,33,37
39,40,45
28,29,34
25,26,31
28,29,34
31,32,37
35,36,41
40,41,46
43,43,51
36,36,44
88,90,87
80,82,79
86,88,85
114,116,115
124,125,127
140,141,145
147,148,153
149,150,155
149,150,155
148,149,154
151,152,157
150,151,156
151,152,157
150,151,156
129,130,134
96,97,101
85,85,87
67,67,69
71,71,71
81,81,79
76,77,72
85,86,80
95,94,89
88,87,83
77,76,72
123,122,120
134,134,132
100,100,100
83,83,81
87,87,85
91,90,88
77,76,74
82,80,81
95,93,94
117,117,119
107,107,109
42,41,46
32,33,38
81,82,87
29,30,35
29,30,34
23,24,28
23,24,26
24,25,27
24,25,27
20,21,23
58,58,58
106,106,106
93,93,95
18,19,23
51,52,57
37,37,45
29,29,37
28,28,36
29,30,35
30,31,36
30,31,36
28,29,34
31,32,37
44,45,50
110,112,109
109,111,108
111,113,110
124,126,123
129,131,130
143,144,146
149,150,154
150,151,156
149,150,155
151,152,157
152,153,158
152,153,158
152,153,158
152,153,158
130,131,135
102,103,107
109,109,111
94,94,94
76,76,76
74,74,72
75,76,71
85,86,80
96,95,90
97,96,92
95,94,90
106,105,101
143,143,141
149,149,149
125,125,123
105,105,103
113,112,110
105,104,102
104,102,103
115,113,116
95,95,97
44,43,48
32,33,38
29,30,35
63,64,69
70,71,76
29,30,35
26,27,31
24,25,29
24,25,27
22,23,25
20,21,23
74,74,76
106,106,108
44,45,47
51,52,56
65,65,73
49,49,57
38,38,46
34,34,42
33,34,39
31,32,37
34,35,40
33,34,39
30,31,36
36,37,42
123,123,121
124,124,122
124,124,122
127,127,127
133,134,136
143,144,148
150,151,156
151,152,157
150,151,155
152,153,157
153,154,159
153,154,159
153,154,159
153,154,159
131,132,136
100,101,105
104,104,106
104,104,104
95,95,95
81,81,79
71,71,69
84,84,82
96,96,94
100,101,96
96,95,91
96,95,93
128,128,128
143,143,143
123,123,123
106,106,106
107,106,104
112,111,109
111,109,110
116,114,117
74,73,79
44,43,49
32,33,38
30,31,36
26,29,34
80,83,88
55,56,61
24,25,30
32,33,37
31,32,36
21,22,24
16,17,19
74,75,77
64,65,69
25,26,30
88,89,94
92,92,100
69,69,79
45,45,53
44,44,52
53,53,61
57,57,65
52,52,60
50,50,58
46,46,54
34,34,42
93,93,91
94,94,92
90,90,88
113,113,111
127,129,128
142,143,145
151,152,156
152,153,158
152,153,157
153,154,158
154,155,160
154,155,160
154,155,160
154,155,160
132,133,137
86,87,89
93,93,93
99,99,99
101,101,101
97,97,97
83,83,81
76,76,74
85,85,83
94,94,92
93,92,88
84,83,79
84,83,81
89,89,89
84,84,84
79,77,78
78,77,75
81,79,80
115,113,116
108,107,112
83,82,88
41,40,48
32,33,38
28,29,34
26,29,34
44,47,52
71,72,77
36,37,42
24,25,29
31,32,36
19,20,22
12,13,15
14,15,19
25,26,31
51,52,57
104,104,112
83,83,93
74,74,84
56,56,64
47,47,55
42,42,50
45,45,53
61,61,69
64,64,72
54,54,62
55,55,63
108,110,107
96,98,95
88,88,86
114,114,114
127,128,130
142,143,147
153,152,158
154,155,160
153,154,159
152,155,160
154,155,160
156,157,162
156,157,162
156,157,162
134,133,138
94,94,96
118,116,117
116,114,115
100,98,99
106,104,105
97,97,97
71,71,71
60,60,58
66,66,64
76,75,71
85,84,80
87,86,82
97,93,92
87,83,82
73,72,70
68,66,67
63,61,62
78,78,80
94,93,98
85,84,90
47,48,53
32,33,38
28,29,34
26,27,31
24,25,30
76,77,82
54,55,60
31,32,36
27,28,32
16,20,21
4,8,11
29,32,37
32,35,42
73,73,81
96,96,104
84,84,94
86,86,96
68,68,78
61,61,71
56,56,64
44,44,52
44,44,52
62,62,70
70,73,80
58,61,68
110,112,109
92,94,91
88,88,86
118,118,116
128,128,128
138,138,140
144,143,148
143,142,148
140,141,146
141,142,147
142,143,148
146,147,152
146,147,152
143,144,148
121,120,125
91,91,93
115,113,116
112,110,113
94,92,95
92,90,91
93,93,93
81,81,81
74,74,72
73,73,71
85,84,80
95,94,90
85,81,78
88,84,81
88,84,83
82,78,77
73,69,70
60,58,61
107,106,111
129,128,133
118,119,124
99,100,105
48,49,54
32,33,38
28,29,33
24,25,29
45,46,51
53,54,59
58,59,63
28,29,33
12,13,17
13,17,20
43,46,53
48,51,58
42,42,50
98,98,108
99,99,109
96,96,106
89,89,99
80,80,90
65,65,75
56,56,64
53,53,61
47,47,55
55,55,63
65,68,75
101,101,99
91,91,89
91,91,89
115,115,113
122,122,122
121,121,123
129,128,133
129,128,133
125,124,130
125,124,130
125,124,129
122,121,126
118,117,122
108,107,112
93,92,97
90,89,94
107,106,111
110,109,114
102,101,106
100,100,102
82,82,84
66,66,66
60,59,57
53,52,50
50,46,45
46,42,41
41,35,35
74,68,68
88,82,82
87,81,81
81,75,77
78,73,77
138,136,141
148,147,153
98,97,103
107,106,112
97,96,104
49,48,56
34,35,40
28,29,34
20,21,26
48,49,54
47,46,52
40,39,45
11,10,16
25,26,31
59,62,69
47,50,59
38,41,50
78,80,92
108,108,120
84,84,96
93,93,105
98,98,110
100,100,112
79,79,89
53,53,61
53,54,59
65,65,73
65,64,72
124,124,122
125,125,123
124,124,122
133,133,131
136,135,133
139,137,138
143,143,145
137,137,139
130,129,134
124,123,128
116,116,118
107,107,109
99,98,103
85,84,89
83,82,88
80,80,88
53,53,61
44,44,52
56,57,62
57,56,61
53,52,57
45,45,47
45,45,45
41,39,40
40,38,39
42,38,39
53,49,50
78,74,75
90,86,87
90,86,87
86,82,83
104,99,103
133,132,137
123,122,128
85,84,90
89,90,95
132,132,140
69,69,77
54,55,60
44,45,50
28,29,34
38,39,44
44,43,49
42,41,47
11,10,16
25,26,31
59,62,69
52,55,64
57,59,71
52,54,66
89,91,103
87,89,101
95,95,107
102,102,114
103,103,115
96,96,106
58,59,64
51,52,57
56,55,61
66,65,71
140,140,138
140,140,138
141,142,137
141,141,139
142,142,140
142,142,140
142,142,142
139,139,139
134,134,134
131,131,131
128,128,128
127,127,127
123,123,125
108,107,112
94,94,102
70,70,80
64,64,76
37,37,49
36,36,46
27,27,35
30,30,38
33,34,39
32,33,37
35,34,39
40,39,44
47,45,50
64,62,65
83,81,84
90,88,91
92,88,89
89,85,86
131,129,132
113,112,117
91,92,96
66,67,72
40,41,46
66,67,72
88,89,94
63,63,71
71,71,79
64,64,72
39,40,45
42,43,48
60,61,65
25,26,30
15,16,21
49,52,59
58,62,71
48,52,63
56,60,71
56,60,71
80,84,95
87,90,99
101,101,111
100,100,110
95,94,102
74,73,79
38,37,42
31,32,36
43,44,49
118,118,116
118,118,116
121,121,119
121,121,119
124,124,122
130,130,128
132,132,130
129,129,127
124,124,122
123,123,121
124,124,122
130,130,130
134,134,136
126,127,132
83,86,95
64,66,78
56,58,71
54,56,69
48,50,62
40,43,52
32,32,42
33,33,41
30,30,38
31,32,37
32,31,37
32,31,37
33,32,38
38,37,43
60,59,64
74,72,77
88,86,89
131,131,133
106,107,111
75,76,80
69,70,75
54,57,62
55,58,63
54,57,62
76,76,84
77,77,85
84,84,92
95,95,103
32,33,38
33,34,38
44,45,49
9,10,15
33,36,43
50,54,63
57,61,72
49,53,64
49,53,64
53,57,68
62,65,74
78,81,90
85,85,95
85,85,93
74,75,80
61,62,66
45,46,50
29,30,34
99,101,100
100,102,101
99,101,100
99,101,100
106,108,107
120,122,121
124,126,125
115,117,116
106,108,107
110,112,111
114,116,115
121,123,122
125,124,129
116,115,123
81,81,93
60,62,75
60,59,73
61,60,74
48,50,62
40,42,54
39,39,51
31,31,41
30,30,40
30,30,38
31,31,39
32,32,40
35,35,43
38,38,46
35,34,42
31,30,38
43,42,48
41,42,46
45,46,50
59,60,64
43,44,49
34,35,40
39,40,45
47,48,53
41,41,49
87,87,95
84,84,94
86,86,94
79,79,87
42,43,48
44,45,50
15,16,21
21,24,33
41,43,55
48,52,63
52,56,67
51,55,66
44,46,58
50,52,64
50,52,64
42,44,56
48,48,58
51,51,59
53,53,61
49,49,57
43,43,51
102,103,105
105,106,108
108,109,111
109,111,110
114,116,115
123,125,124
126,128,127
122,124,123
112,114,113
120,122,121
130,132,131
131,132,134
133,132,137
107,107,115
73,75,88
65,67,82
64,63,77
55,54,68
44,46,58
42,44,56
34,34,46
36,36,48
33,33,43
31,31,41
36,36,44
35,35,43
36,39,48
34,37,46
35,35,45
40,39,47
31,32,37
24,25,30
21,25,28
22,23,27
53,54,59
36,35,41
43,44,49
51,52,57
46,46,54
42,42,50
98,98,108
82,82,92
94,94,102
54,54,62
62,63,68
29,29,37
13,16,25
34,37,46
42,46,55
46,50,61
50,52,64
51,53,65
47,49,61
41,43,55
39,41,53
42,44,56
39,42,51
34,37,44
32,35,42
29,32,39
83,86,93
100,103,108
116,117,121
120,121,123
123,123,125
124,124,126
124,124,126
122,122,124
100,101,103
105,106,108
126,126,128
127,126,131
127,128,133
94,94,104
75,77,89
70,72,85
60,59,73
55,54,68
44,46,58
40,42,54
43,43,55
36,36,48
34,36,48
37,39,51
33,36,45
38,41,50
39,41,53
37,37,49
40,38,49
35,33,44
25,25,33
25,26,31
25,26,31
20,21,26
24,25,29
50,51,55
33,32,38
62,61,67
65,66,71
52,52,60
51,51,61
100,100,110
93,93,103
65,65,75
90,90,98
31,31,39
11,14,21
34,37,44
40,45,51
43,47,56
44,48,57
43,47,56
43,47,56
42,46,55
40,44,55
36,40,51
28,32,43
24,28,39
24,28,39
27,29,41
97,100,109
101,104,113
116,117,122
121,122,126
122,122,124
123,123,125
122,122,124
121,121,123
96,97,101
100,101,105
121,120,125
123,122,127
119,119,127
93,96,105
77,79,91
68,70,83
63,62,76
51,50,64
49,51,63
44,46,58
41,41,53
41,43,55
37,39,51
37,41,52
40,43,52
42,45,54
42,44,56
42,42,54
31,31,41
31,29,40
30,30,38
26,27,32
26,27,32
24,25,30
19,20,24
43,44,48
60,59,65
52,51,57
63,64,69
81,82,87
65,65,73
64,64,74
105,105,115
83,83,93
86,86,94
54,54,62
18,21,26
30,33,38
52,55,62
42,47,53
43,47,56
43,47,56
40,47,55
40,47,55
51,55,66
56,60,71
52,56,67
52,56,67
50,54,65
46,50,61
86,90,102
100,102,114
118,118,126
120,119,124
122,120,123
122,120,123
121,121,123
118,118,120
99,100,104
105,106,111
124,123,129
124,125,130
112,115,124
88,90,102
79,81,94
71,73,86
57,59,72
55,57,70
45,47,60
44,46,59
43,45,57
40,42,54
42,44,56
41,43,55
41,43,55
47,49,61
45,45,55
33,33,43
35,35,45
33,33,43
29,29,39
33,33,41
30,30,38
30,31,36
24,25,29
20,21,25
52,51,57
45,44,50
49,50,55
59,60,65
80,80,88
71,71,79
73,73,83
111,111,121
79,79,87
90,90,98
32,33,38
30,31,36
79,79,87
64,67,76
53,55,67
42,44,56
42,46,55
46,50,59
61,65,76
60,64,75
59,63,74
56,60,71
53,57,69
49,53,65
73,76,85
96,99,108
118,119,124
121,120,125
122,120,123
123,121,124
122,122,124
120,120,122
102,103,107
106,107,112
126,125,131
125,126,131
108,111,120
88,92,103
81,83,96
69,71,84
59,61,74
51,53,66
50,52,65
47,49,62
45,47,59
44,46,58
42,44,56
41,43,55
50,52,64
40,42,54
41,41,51
38,38,48
32,32,42
35,35,45
33,33,43
32,32,40
34,34,42
28,29,34
24,25,29
14,15,19
24,23,28
74,73,79
48,49,54
43,44,49
62,62,70
77,77,85
69,69,77
85,85,93
92,92,100
101,101,109
58,59,64
25,26,31
65,65,73
80,80,90
63,66,75
66,69,78
49,53,62
47,51,60
55,59,68
56,60,71
56,60,71
52,56,67
49,53,64
44,48,59
70,71,76
93,94,98
121,120,125
123,123,125
124,122,125
126,124,127
127,125,128
123,122,127
102,103,108
104,105,110
129,128,133
130,131,136
104,107,116
93,95,107
79,81,94
62,64,77
60,62,74
53,55,67
52,51,65
53,52,66
49,51,64
44,46,59
42,44,57
51,53,66
46,46,58
42,42,54
38,38,48
39,39,49
38,38,48
34,34,44
38,38,46
36,36,44
33,34,39
29,30,34
16,16,18
12,12,14
11,11,13
35,34,39
72,73,78
72,73,78
39,40,45
52,53,58
84,85,90
62,63,68
73,74,79
101,102,107
82,83,88
38,39,44
34,35,40
78,78,86
80,80,88
59,59,67
58,61,68
67,70,79
54,57,66
48,51,60
42,46,55
38,42,51
35,42,50
30,37,47
77,77,79
97,97,99
126,126,128
127,127,129
130,128,131
134,132,135
131,129,132
125,125,127
102,103,107
102,103,108
132,131,136
128,129,134
106,109,118
94,96,108
73,75,88
65,67,80
54,56,68
57,59,71
54,53,67
53,52,66
51,53,66
44,46,59
52,54,67
47,49,62
39,39,51
41,41,53
42,42,52
40,40,50
41,41,51
40,40,48
35,35,43
39,38,44
30,29,34
17,17,19
16,16,16
21,21,21
23,23,23
18,18,20
34,35,39
80,81,86
78,79,84
54,55,60
42,43,48
41,42,47
36,37,42
51,52,57
82,83,88
61,62,67
29,30,35
43,44,49
80,81,86
80,80,88
64,64,72
45,48,55
64,67,74
72,75,82
50,53,60
54,57,64
52,57,63
48,53,59
81,79,80
103,101,102
132,132,134
135,135,137
138,138,140
139,139,141
137,137,139
132,131,136
102,103,108
102,103,108
133,132,138
127,126,134
109,109,121
93,95,108
71,75,87
63,67,79
60,62,75
57,59,72
58,60,73
51,53,66
47,49,64
60,62,75
45,47,60
39,41,53
44,44,56
43,43,55
44,44,56
45,45,55
42,40,51
41,40,48
40,39,45
34,32,37
25,23,24
31,30,28
29,28,26
30,29,27
27,26,24
24,22,23
22,22,24
37,36,41
96,97,102
93,93,101
90,90,98
71,71,79
30,31,36
21,22,27
34,35,39
60,61,65
35,34,39
32,31,37
40,41,46
66,67,72
74,75,80
80,79,85
62,61,67
60,60,68
78,78,86
68,68,76
65,65,73
78,78,86
112,110,111
124,122,123
139,139,139
141,141,141
141,141,141
138,138,138
138,138,138
134,134,136
114,115,119
113,114,118
133,132,138
136,136,144
109,111,123
91,93,106
77,81,93
63,67,79
68,70,83
64,66,79
58,60,73
58,60,73
59,61,74
44,46,59
45,47,59
43,45,57
45,45,57
49,49,61
45,45,57
45,43,54
44,43,49
39,37,42
41,39,42
43,39,40
44,40,39
40,35,32
39,34,31
41,37,34
37,33,30
33,32,30
30,28,29
27,27,29
33,32,37
97,98,103
102,102,110
91,91,99
71,72,77
44,45,50
19,20,24
25,26,30
40,39,44
33,32,37
30,31,36
30,31,36
44,43,49
65,64,70
83,82,88
76,75,81
66,65,71
82,81,87
93,92,98
72,71,77
167,167,169
168,168,168
172,172,172
178,178,178
174,174,174
169,169,169
162,162,162
153,153,153
142,142,142
125,125,127
125,124,129
133,132,138
118,118,128
93,95,107
74,78,90
73,77,89
69,71,84
66,65,79
60,62,74
61,63,75
50,52,64
46,48,60
48,48,60
49,49,61
48,50,62
51,51,63
50,50,60
44,43,49
43,41,44
54,50,51
72,67,64
70,62,59
73,65,62
68,60,57
51,43,40
39,34,30
42,39,34
41,37,34
40,36,33
34,33,31
35,34,32
39,39,39
62,62,64
90,89,94
95,96,100
91,92,96
73,72,77
38,37,42
20,21,26
35,36,41
40,41,45
33,34,38
31,32,36
41,42,46
50,49,54
73,72,77
76,75,80
65,64,69
71,70,75
87,86,91
255,255,255
255,255,255
255,255,255
255,255,253
255,255,253
255,255,253
251,251,249
239,239,237
212,212,212
151,151,151
129,129,131
142,141,147
123,123,133
94,96,108
81,85,97
80,82,95
67,69,82
69,68,82
61,63,75
51,53,65
50,52,64
51,53,65
50,50,62
52,52,64
53,53,65
50,50,60
48,47,53
48,46,51
70,66,65
87,82,79
91,84,78
90,81,76
81,72,67
84,75,70
79,72,66
59,52,46
46,41,35
54,49,45
46,41,37
40,37,32
42,39,34
35,34,30
35,34,32
35,35,35
46,46,48
55,55,57
58,57,62
47,46,51
19,20,24
25,26,30
36,37,41
45,46,50
46,47,51
38,39,43
42,41,46
40,39,44
53,52,57
71,70,75
70,69,74
61,60,65
255,255,255
255,255,255
255,255,255
255,255,255
255,255,255
255,255,255
255,255,255
255,255,255
255,255,253
227,227,227
208,208,208
203,202,207
142,142,150
100,100,112
90,92,105
75,77,90
77,79,91
62,64,76
58,60,72
55,57,69
54,54,66
55,55,67
53,55,67
53,53,65
58,58,68
51,50,56
51,46,50
82,76,76
105,97,95
109,100,95
105,96,91
98,89,82
92,83,76
91,82,75
92,83,76
78,71,63
62,55,47
57,50,44
65,58,52
53,45,42
44,36,33
50,45,41
45,40,37
36,32,29
27,26,24
27,27,27
34,34,36
64,63,68
45,44,49
23,22,27
23,24,28
34,35,37
53,53,55
57,57,59
36,36,38
41,41,43
41,40,45
37,36,41
52,51,56
64,63,68
255,255,255
255,255,255
255,255,255
255,255,255
255,255,255
255,255,255
255,255,255
255,255,255
255,255,253
255,255,253
255,255,255
255,255,255
192,193,198
109,109,119
90,92,104
85,87,99
65,67,79
63,65,77
59,61,73
60,62,74
59,59,71
55,55,67
60,60,72
58,58,68
51,50,56
48,46,51
49,43,43
106,98,96
123,114,109
122,111,105
114,103,97
109,98,92
103,94,85
94,85,76
101,92,83
89,80,73
73,66,58
63,56,48
68,59,52
73,64,59
65,58,52
50,43,37
54,49,43
47,42,38
34,30,27
24,23,21
34,32,33
36,36,36
66,66,68
39,39,41
25,26,28
17,18,20
29,29,31
50,50,52
51,51,53
41,41,43
34,34,36
45,44,49
41,40,45
45,44,49
255,255,255
255,255,255
255,255,255
255,255,255
255,255,255
255,255,255
255,255,255
255,255,255
255,255,255
255,255,255
255,255,255
255,255,255
240,241,245
117,118,123
99,102,111
77,79,91
68,70,82
64,66,78
64,66,79
61,63,76
61,63,75
60,60,72
57,57,67
57,56,62
62,60,63
65,61,60
68,63,60
116,109,103
131,124,116
129,120,111
121,111,102
115,105,96
114,105,96
111,102,93
103,94,85
99,90,81
87,78,69
68,59,52
71,64,56
71,64,56
78,71,63
71,64,56
59,52,44
59,54,48
47,42,36
28,25,20
23,22,18
31,30,28
44,42,43
54,52,53
33,33,33
25,25,25
19,20,22
24,25,27
36,38,37
44,45,47
44,44,46
37,37,39
43,42,47
44,43,48
255,255,255
255,255,255
255,255,255
255,255,255
255,255,255
255,255,255
255,255,255
255,255,255
255,255,255
255,255,255
255,255,255
255,255,255
229,230,232
148,149,154
90,93,100
73,76,85
79,81,93
69,71,83
64,66,79
68,70,83
60,62,74
64,64,74
56,55,61
74,72,77
100,96,97
61,56,53
77,69,66
122,115,109
134,127,119
131,124,114
125,116,107
124,114,105
123,114,105
120,111,102
114,105,96
108,99,90
100,91,82
78,69,60
67,60,52
80,73,65
81,74,68
73,66,60
68,61,53
65,58,50
61,56,50
46,41,35
28,25,20
27,26,22
32,31,27
39,38,36
43,42,40
17,17,17
24,24,24
22,24,23
22,24,23
30,32,31
35,35,37
43,43,45
36,35,40
42,41,46
255,255,255
255,255,255
255,255,255
255,255,255
255,254,255
255,254,255
255,255,253
255,255,253
245,244,242
226,225,223
226,225,223
216,214,215
189,189,191
147,148,152
84,87,96
91,93,105
83,85,98
79,81,94
72,71,85
72,72,84
65,65,75
55,54,60
85,83,86
119,115,116
111,105,105
93,88,85
94,86,84
116,108,105
131,124,118
130,121,114
130,119,113
130,119,113
129,118,112
127,116,110
119,110,103
112,103,94
107,98,89
91,82,73
67,60,52
62,57,51
40,35,31
35,30,26
44,39,33
62,57,51
72,65,57
61,56,50
48,43,39
49,44,40
40,35,31
30,26,23
34,30,27
28,27,23
22,21,19
17,17,17
19,19,19
25,25,25
31,29,32
29,27,30
36,36,38
37,37,39
255,255,253
254,254,252
255,255,253
243,243,241
210,209,207
211,210,208
212,212,210
208,209,204
185,184,180
173,172,168
176,175,171
181,180,178
171,171,171
141,142,144
106,106,114
100,103,112
93,95,107
82,84,96
83,83,95
69,69,79
63,62,68
85,83,86
123,119,118
108,103,100
96,91,88
79,74,71
90,82,80
117,109,106
115,108,102
121,114,106
130,121,114
132,121,115
132,121,115
128,117,111
124,115,108
118,109,100
115,106,97
103,96,88
65,60,54
27,22,18
25,20,17
26,22,19
30,27,22
41,36,30
61,56,50
59,54,48
64,59,53
61,56,50
56,51,45
52,47,43
42,39,34
36,33,28
31,27,24
27,26,22
20,19,17
17,17,15
19,17,18
22,20,21
24,24,24
30,30,30
234,233,231
227,226,222
232,231,227
210,209,205
183,182,178
180,179,175
180,179,175
181,180,176
181,180,176
175,174,170
174,173,169
167,166,162
150,151,146
142,144,143
154,155,157
127,128,133
105,105,115
97,97,107
84,84,94
72,71,77
84,82,85
124,120,119
129,124,120
100,92,89
96,91,87
91,86,82
113,108,104
127,122,118
127,122,116
120,113,105
127,118,111
130,121,112
131,120,114
121,110,104
120,110,101
122,112,103
122,113,104
117,108,101
71,64,58
30,25,21
29,25,22
24,20,17
24,20,17
29,26,21
39,36,31
62,57,51
64,59,53
65,60,54
58,55,48
56,53,46
48,43,37
40,35,29
38,33,29
36,33,28
36,35,31
26,25,21
22,21,19
23,22,20
16,16,14
19,19,19
175,174,170
171,170,166
172,171,166
172,171,166
173,172,168
175,174,170
174,173,169
171,170,165
171,170,165
169,168,163
163,162,157
154,153,148
139,140,135
131,133,130
146,146,146
150,150,152
130,131,136
106,106,114
86,86,94
71,70,75
115,111,112
137,132,129
133,128,124
117,112,108
106,101,97
113,108,104
111,106,102
120,115,111
114,109,103
110,103,95
107,98,91
130,121,112
129,118,112
96,85,79
119,109,100
119,110,101
129,120,113
121,114,108
77,72,66
48,45,38
33,30,25
24,23,19
27,26,22
28,27,23
43,40,35
38,35,30
61,58,51
70,67,60
54,51,44
59,56,49
57,52,46
58,53,47
47,42,36
40,35,29
27,24,19
27,26,21
21,20,16
21,20,16
17,16,14
21,21,19
206,206,204
204,204,202
211,210,206
219,218,214
224,223,221
226,225,223
223,222,220
215,214,210
211,210,206
207,206,202
205,204,200
197,196,192
189,190,185
171,172,167
194,193,191
204,202,203
197,197,199
141,140,145
90,89,94
58,57,62
75,73,74
123,119,118
132,127,124
115,110,107
101,96,93
117,113,110
133,128,125
130,125,121
133,125,122
129,122,116
111,102,95
120,109,103
128,119,114
99,90,85
120,111,104
114,105,100
134,125,120
125,118,112
80,75,69
74,71,64
47,44,39
35,32,27
40,37,32
49,46,41
47,44,39
32,29,24
57,54,49
70,67,62
56,53,48
57,54,49
56,53,48
57,54,49
60,55,49
56,51,45
50,45,41
39,36,31
30,26,23
28,24,21
28,24,21
30,26,23
241,241,239
239,239,237
247,246,242
255,255,251
255,255,251
255,255,251
255,255,251
255,254,250
250,249,245
246,245,241
243,242,238
237,236,232
228,229,224
219,218,214
239,238,234
247,246,242
242,241,239
229,229,229
160,160,162
103,103,105
96,94,95
121,120,118
149,145,142
141,137,134
108,104,101
125,121,118
136,132,129
151,146,143
148,143,139
134,126,123
105,96,91
141,132,127
134,127,121
146,139,133
136,129,123
135,128,122
135,130,126
128,123,119
111,108,101
90,87,80
85,82,75
47,44,37
52,49,42
55,52,45
49,46,39
42,39,34
47,44,39
63,60,55
41,38,33
45,41,38
56,53,48
54,51,46
48,45,40
48,43,39
48,43,39
49,46,41
49,45,42
47,43,40
46,42,39
46,42,39
233,234,229
232,233,228
241,240,236
250,249,245
254,255,250
255,255,251
252,253,248
244,245,239
241,240,235
237,236,231
233,234,228
228,229,223
224,223,218
221,220,215
236,235,230
240,239,234
234,233,229
229,228,224
207,206,204
180,179,177
170,169,165
166,165,161
163,162,157
124,123,118
129,128,124
132,131,127
141,140,136
166,162,159
174,171,166
137,132,128
194,189,185
166,161,157
162,159,154
164,161,156
160,157,152
157,154,149
152,148,145
143,139,136
136,133,128
120,117,110
101,96,90
67,62,56
63,58,52
71,66,60
62,57,51
56,51,45
62,57,51
64,61,56
38,35,30
35,34,29
34,33,28
36,33,28
35,32,27
42,39,34
53,50,45
45,42,37
46,42,39
49,48,44
53,49,48
52,48,49
185,186,181
178,179,174
183,182,178
187,186,182
190,191,185
188,189,183
181,182,176
177,178,172
176,175,170
175,174,169
173,172,167
167,166,161
169,169,161
178,178,170
185,182,175
180,177,170
176,173,166
173,172,167
165,164,159
150,149,144
150,149,144
146,145,140
144,143,138
151,150,145
163,164,159
163,164,159
174,173,169
187,186,182
207,204,199
250,247,242
255,255,250
154,151,146
159,158,153
163,162,157
161,160,155
157,156,151
157,156,152
157,156,152
157,154,149
151,148,143
127,124,117
85,81,72
70,66,57
84,80,71
84,80,71
74,70,61
73,68,62
70,65,59
56,53,48
35,34,29
34,33,28
34,33,28
35,31,28
37,33,30
46,42,39
57,56,52
62,61,57
64,63,61
66,64,65
66,62,63
142,144,141
129,129,127
123,122,118
117,116,112
115,114,110
114,113,109
114,113,109
118,117,113
132,129,124
131,128,123
132,129,122
125,122,115
127,124,115
139,136,127
144,140,131
144,140,131
138,134,125
141,136,130
144,139,133
146,141,135
152,147,141
152,149,142
145,142,137
144,141,136
154,153,148
155,154,150
171,170,166
183,182,178
195,192,187
206,203,198
171,168,161
136,135,130
157,156,151
164,163,159
161,160,156
159,158,154
160,159,155
159,158,154
159,158,154
156,153,148
124,121,114
123,120,113
102,97,91
107,102,96
88,83,77
87,82,76
77,72,66
60,55,49
52,47,41
37,34,27
35,32,27
38,35,30
46,43,38
50,46,43
56,55,51
66,65,63
69,67,68
72,70,71
73,71,74
69,67,70
141,143,138
128,130,125
122,123,118
119,118,114
115,114,110
115,114,110
115,114,110
119,118,113
132,129,124
133,130,123
133,130,123
126,123,114
125,123,111
130,126,114
134,128,116
135,128,118
135,131,120
141,137,128
146,142,133
147,143,134
152,148,139
152,148,139
145,142,135
143,140,135
152,151,146
152,151,146
147,146,142
164,163,159
190,187,182
244,241,234
213,213,205
139,139,131
156,155,150
162,161,157
157,156,152
156,155,151
160,159,155
157,156,152
154,153,149
142,141,137
134,131,126
149,146,139
135,132,125
130,127,120
127,124,117
105,102,95
81,78,71
69,64,58
54,49,43
57,54,47
56,53,48
67,64,59
80,76,73
94,93,89
110,109,107
123,121,122
124,124,124
126,126,128
116,114,117
107,105,108
139,141,136
134,136,131
134,136,131
131,132,127
127,126,121
124,123,118
122,121,116
121,120,115
131,128,123
133,130,123
133,130,121
129,127,115
127,123,111
127,124,109
133,127,113
134,128,114
135,131,119
142,138,127
145,142,133
144,141,132
145,142,133
140,137,128
138,135,126
143,140,133
151,150,145
151,150,145
147,146,142
151,150,146
184,183,178
255,255,247
243,243,235
151,151,143
155,154,149
156,155,150
152,151,147
156,155,151
160,159,155
159,158,154
154,153,149
152,151,147
153,152,148
152,151,146
144,143,138
136,133,128
143,140,135
134,131,126
123,120,115
104,101,96
80,77,72
68,65,60
74,71,66
75,74,70
95,94,92
118,116,117
128,126,127
133,133,133
138,138,138
138,138,138
137,137,137
134,134,134
143,146,139
142,145,138
140,142,137
136,137,132
130,129,124
129,128,123
127,126,121
123,122,117
130,127,120
132,129,122
134,131,122
132,130,118
135,131,119
135,131,119
139,136,121
144,138,124
139,135,123
139,135,124
142,139,130
139,136,127
137,134,125
134,131,122
132,129,120
135,132,125
139,138,133
135,134,129
144,143,139
155,154,150
166,165,160
204,203,198
185,185,177
152,152,144
149,148,143
136,135,131
137,136,132
154,153,149
161,160,156
161,160,156
157,156,152
156,155,151
154,153,149
152,151,147
146,145,140
144,143,138
144,143,138
141,140,135
134,133,128
129,128,123
128,125,120
124,123,119
133,132,128
133,132,128
133,132,130
136,134,135
138,138,140
139,139,141
139,139,139
138,138,138
137,137,137
135,135,135
148,151,144
146,149,142
142,143,137
135,134,129
129,128,123
129,128,123
133,130,125
129,126,121
132,129,122
132,129,122
136,133,126
133,130,121
134,131,122
136,132,123
145,141,130
145,141,130
140,136,125
137,133,124
139,135,126
135,131,122
132,129,120
126,123,114
126,123,116
127,124,117
132,131,126
125,124,120
135,134,132
162,161,159
171,172,167
178,179,174
171,170,166
159,158,154
141,140,136
114,113,111
123,122,120
155,154,152
162,161,157
160,159,155
157,156,152
155,154,150
153,152,148
152,151,147
151,150,146
150,149,145
146,145,141
145,144,140
139,138,134
140,139,135
132,131,127
135,134,132
141,140,138
140,140,138
142,140,141
141,139,140
140,140,140
140,140,140
138,138,138
138,138,138
137,137,135
135,135,133
151,154,147
148,149,143
139,140,134
135,134,129
132,131,126
131,130,125
134,131,126
132,129,122
134,131,124
135,132,125
138,135,128
135,132,125
135,132,125
136,133,126
147,143,134
146,142,133
142,138,129
136,132,123
136,132,123
134,130,121
129,126,117
123,120,111
118,115,108
117,114,107
131,130,125
124,123,119
155,154,152
177,177,175
177,179,176
200,202,199
241,241,239
206,205,203
142,141,139
111,110,108
111,110,108
155,154,152
164,163,159
161,160,156
159,158,154
155,154,150
153,152,148
152,151,147
151,150,146
151,150,146
150,149,145
149,148,144
144,143,139
144,143,139
142,141,139
140,140,138
140,140,140
141,141,141
141,141,141
141,139,140
140,140,140
140,140,140
139,139,139
138,138,138
137,137,135
137,137,135
172,171,166
164,165,159
134,135,127
130,130,122
132,132,124
132,129,122
135,132,125
134,131,122
136,133,124
135,132,123
137,134,127
134,131,124
136,133,124
137,134,125
146,143,136
144,141,134
137,134,125
133,130,121
134,131,122
133,130,121
132,129,120
123,120,111
113,113,105
108,107,102
123,122,118
127,126,122
159,159,157
187,187,187
187,189,188
232,234,233
255,255,255
247,247,247
149,149,147
104,104,102
92,91,89
145,144,142
161,160,156
161,160,156
160,159,155
156,155,151
153,152,148
151,150,146
151,150,146
152,151,147
150,149,147
149,148,146
146,146,144
145,145,143
144,144,142
143,143,141
140,140,140
140,140,140
141,141,143
140,140,142
141,139,140
140,138,139
138,138,138
138,138,138
137,137,137
135,135,135
187,186,181
184,183,178
151,151,143
140,140,132
143,140,133
142,139,132
148,145,138
147,144,135
139,136,127
136,133,126
136,133,126
135,132,125
138,135,126
139,136,127
146,143,136
144,141,134
137,134,127
133,130,123
132,129,122
131,128,119
132,129,120
125,122,115
112,112,104
107,106,101
119,118,114
129,128,126
162,162,162
182,182,182
186,188,187
226,228,227
255,255,255
220,220,220
139,139,139
102,102,100
88,87,85
138,137,135
154,153,149
160,159,155
160,159,155
157,156,152
155,154,150
151,150,146
151,150,146
150,149,145
150,149,147
148,147,145
147,147,145
146,146,144
144,144,142
143,143,141
140,142,141
139,141,140
140,140,140
139,139,141
140,138,139
140,138,139
139,139,139
137,137,137
135,135,135
135,135,135
183,182,177
183,182,177
170,169,164
168,165,160
168,165,160
167,164,159
174,169,165
168,165,160
157,154,149
155,154,149
152,151,146
151,150,145
157,154,147
157,154,147
157,154,149
156,153,148
153,148,144
145,140,136
141,138,133
138,135,130
137,134,129
130,127,122
121,118,113
116,115,111
124,123,119
132,132,130
167,167,167
180,180,182
184,184,186
211,211,213
204,204,206
150,150,152
126,126,128
99,99,101
87,85,88
138,136,137
154,153,151
157,156,152
161,160,156
157,156,152
154,153,149
152,151,147
151,150,148
150,149,147
150,149,145
146,145,141
146,145,143
148,147,145
145,145,143
143,143,141
141,143,140
140,142,141
140,140,140
139,139,139
139,137,138
139,137,138
139,139,139
137,137,137
134,134,134
134,134,134
164,163,158
171,170,165
175,172,167
174,171,166
173,170,165
175,172,167
176,173,168
172,169,164
167,166,161
167,166,161
164,163,158
163,162,157
166,163,158
170,167,162
165,162,157
161,158,153
159,154,151
151,146,143
145,142,137
142,139,134
136,133,128
131,128,123
129,125,122
131,130,126
128,129,124
130,130,128
168,168,168
182,182,184
187,187,189
209,209,211
185,185,187
127,127,129
115,115,117
89,89,91
85,83,86
140,138,139
155,154,152
156,155,151
160,159,155
157,156,152
154,153,149
151,150,146
151,150,148
151,150,148
147,146,142
145,144,140
145,144,142
145,144,142
145,145,143
143,143,141
141,143,140
140,142,139
141,141,141
139,139,139
139,137,138
136,134,135
137,137,137
134,134,134
132,132,132
132,132,132
157,156,154
165,164,160
166,165,161
164,163,159
164,163,159
167,166,162
165,164,160
164,163,159
169,168,164
166,165,161
162,161,157
163,162,158
163,162,158
164,163,159
162,161,157
157,156,152
153,149,146
145,141,138
140,139,135
134,133,129
127,126,122
123,122,118
127,126,124
135,134,132
123,124,119
116,117,112
160,160,158
179,179,179
188,188,188
209,209,209
181,183,182
120,122,121
109,109,111
81,81,83
90,90,90
140,140,138
154,153,149
155,154,150
158,157,153
156,155,151
153,154,149
151,152,147
152,151,147
151,150,146
148,147,145
145,144,142
145,144,142
145,144,142
145,143,144
144,142,143
140,140,140
141,141,141
141,141,141
140,140,140
139,139,139
137,137,137
135,135,135
134,134,134
132,132,132
132,132,132
163,162,160
165,164,162
164,163,159
163,162,158
166,165,161
166,165,161
163,162,158
164,163,159
166,165,161
162,161,157
160,159,155
162,161,157
161,160,156
161,160,156
164,163,159
162,161,157
156,155,151
149,148,144
143,142,138
137,136,132
127,126,122
121,120,116
125,124,122
129,128,126
107,108,103
101,102,97
142,142,140
164,164,162
183,183,183
207,207,207
181,183,182
121,123,122
112,112,112
94,94,94
104,104,102
142,142,140
155,154,150
153,152,148
156,155,151
157,156,152
155,156,151
152,153,148
152,151,147
151,150,146
149,148,146
145,144,142
145,144,142
145,144,142
144,142,143
143,141,142
141,141,141
141,141,141
141,141,141
140,140,140
139,139,139
137,137,137
134,134,134
133,133,133
132,132,132
132,132,132
158,157,155
158,157,155
159,158,156
158,157,155
160,159,157
159,158,156
156,155,153
156,155,153
158,157,155
156,155,153
160,159,155
159,158,154
153,152,148
159,158,154
162,161,157
163,162,158
159,158,154
153,152,148
152,149,144
146,145,140
137,136,132
124,125,120
120,119,117
120,119,117
102,101,99
110,109,107
133,132,130
161,160,158
182,182,182
227,227,227
233,235,232
163,165,164
125,125,125
106,106,106
113,112,110
145,144,142
156,155,153
155,154,152
160,159,157
159,158,156
156,155,151
153,152,148
152,151,149
151,150,148
149,148,146
144,143,141
146,142,141
146,142,141
143,142,140
142,141,139
141,141,141
140,140,140
140,140,140
139,139,139
139,139,139
137,137,137
134,134,134
132,132,132
131,131,131
129,129,129
148,147,145
145,144,142
145,144,142
149,148,146
149,148,146
145,144,142
145,144,142
148,147,145
146,145,143
154,153,149
159,158,154
155,154,150
153,152,148
157,156,152
160,159,155
157,156,152
154,153,149
150,149,145
151,148,143
149,148,143
153,154,148
134,135,130
117,116,112
116,115,113
100,99,97
111,110,108
133,132,130
163,162,160
183,183,181
245,245,243
255,255,253
205,205,203
133,133,131
104,104,104
116,115,113
146,145,143
154,153,151
158,157,155
166,165,163
163,162,160
156,155,151
153,152,148
152,151,149
151,150,148
149,148,146
144,143,141
144,143,141
144,143,141
143,142,140
141,140,138
139,139,139
139,139,139
139,139,139
138,138,138
138,138,138
137,137,137
133,133,133
132,132,132
131,131,131
130,130,130
140,138,139
132,130,131
129,127,128
141,139,140
139,138,136
130,129,127
133,132,128
142,141,137
152,151,147
163,162,157
162,161,156
153,152,147
157,156,151
161,160,155
157,156,151
154,153,148
150,149,145
146,145,141
145,144,139
147,146,141
157,158,152
142,143,138
121,120,116
117,116,112
98,97,95
111,110,108
131,130,126
156,155,153
182,181,179
221,220,218
239,238,234
185,184,180
133,133,131
128,128,126
136,135,133
151,150,148
155,154,152
156,155,153
166,166,164
166,166,164
158,157,155
154,153,151
152,151,149
151,150,148
148,148,146
143,143,141
144,144,144
144,142,143
143,142,140
141,140,138
139,139,139
138,138,138
138,138,138
138,138,138
137,137,137
137,137,137
134,134,134
133,133,133
131,131,131
131,131,131
141,139,140
133,131,132
129,127,128
138,136,137
139,138,136
132,131,129
134,133,129
147,146,142
158,157,152
165,164,159
159,159,151
152,152,144
159,158,153
162,161,156
159,158,153
155,154,149
145,144,140
141,140,136
140,139,134
142,141,136
149,150,144
134,135,130
122,121,117
118,117,113
97,96,94
102,101,99
117,116,112
144,143,139
171,170,168
194,193,189
188,185,180
136,132,129
127,126,124
144,143,141
152,151,149
153,152,150
154,153,151
154,153,151
160,160,158
166,166,164
161,160,158
154,153,151
152,151,149
151,150,148
148,148,146
143,143,141
143,143,141
143,143,141
142,141,139
142,141,139
139,139,139
138,138,138
138,138,138
138,138,138
137,137,137
135,135,135
134,134,134
133,133,133
131,131,131
131,131,131
145,144,142
143,142,140
143,142,140
145,144,142
145,144,142
143,142,140
147,146,142
155,154,150
157,156,151
153,152,147
147,146,141
151,150,145
155,154,150
156,155,151
156,155,151
150,149,145
135,134,130
134,133,129
133,132,128
132,131,127
130,129,125
119,118,114
113,112,108
112,111,107
95,94,90
94,93,89
97,97,95
120,120,118
152,151,147
183,182,178
174,171,166
125,121,118
129,125,124
149,147,148
154,153,151
154,153,151
154,153,151
153,152,150
154,153,151
168,167,165
163,162,160
154,153,151
152,151,149
151,150,148
148,148,146
144,144,142
143,143,141
143,143,141
142,141,139
141,140,138
138,138,136
138,138,136
138,138,138
136,136,136
137,137,137
135,135,135
134,134,134
133,133,133
132,132,132
131,131,131
144,143,141
143,142,140
142,141,139
144,143,141
143,142,140
139,138,136
153,152,148
164,163,159
161,160,155
146,145,140
147,146,141
155,154,149
157,156,152
157,156,152
157,156,152
146,145,141
136,135,131
140,139,135
135,134,130
129,128,124
122,121,119
114,113,111
114,113,109
124,123,119
128,127,123
123,122,118
104,104,102
103,103,101
140,139,135
201,197,194
222,217,213
165,160,156
134,130,129
151,149,150
156,155,153
155,154,152
154,153,151
153,152,150
152,151,149
163,162,160
162,161,159
154,153,151
153,152,150
151,150,148
149,149,147
144,144,142
143,144,139
142,143,138
141,140,138
140,139,137
138,138,136
136,136,134
136,136,136
135,135,135
137,137,137
135,135,135
135,135,135
133,133,133
132,132,132
130,130,130
139,138,136
136,135,133
133,132,130
140,139,137
136,135,133
132,131,129
152,151,147
165,164,160
158,157,152
149,148,143
154,153,148
156,155,150
159,158,154
159,158,154
156,155,151
151,150,146
143,142,137
147,146,141
143,144,139
132,133,128
120,121,116
111,112,107
117,118,113
131,132,127
143,142,140
138,137,135
112,111,109
104,103,101
146,142,139
200,197,192
221,216,210
177,172,166
146,142,139
153,152,150
159,158,156
155,155,153
154,153,151
153,152,150
152,151,149
154,153,151
154,153,151
150,149,147
152,151,149
151,150,148
148,148,146
145,145,143
143,143,141
142,142,140
141,140,138
140,139,137
136,136,134
136,136,134
137,137,137
134,134,134
134,134,134
134,134,134
132,132,132
132,132,132
133,133,133
131,131,131
139,138,136
138,137,135
135,134,132
139,138,136
138,137,135
136,135,133
150,149,145
154,153,149
147,146,141
151,150,145
156,155,150
154,153,148
152,151,147
151,150,146
150,149,145
146,145,141
145,144,140
149,148,144
148,149,144
135,136,131
115,116,111
103,104,99
107,108,103
119,120,115
141,140,138
139,138,136
108,107,105
103,102,98
151,147,144
154,151,146
159,154,148
151,148,141
152,151,147
156,155,153
159,159,157
156,156,154
154,153,151
152,151,149
152,151,149
150,149,147
146,145,143
145,144,142
150,149,147
151,150,148
148,148,146
146,146,144
143,143,141
141,141,139
140,139,137
139,138,136
136,136,134
135,135,133
135,135,135
134,134,134
134,134,134
133,133,133
132,132,132
132,132,132
133,133,133
132,132,132
142,141,139
142,141,139
142,141,139
141,140,138
143,142,138
152,151,147
153,152,148
144,143,139
143,142,137
152,151,146
154,153,148
150,149,144
149,148,144
147,146,142
147,146,142
147,146,142
151,150,146
146,145,143
143,142,140
134,133,131
120,119,117
110,109,105
103,102,98
115,114,110
146,145,143
143,142,140
114,113,109
112,111,107
142,138,135
145,142,137
133,130,125
138,135,130
150,149,145
156,155,153
160,159,157
159,158,156
154,153,151
152,151,149
151,150,148
149,148,146
145,144,142
144,143,141
148,147,145
150,149,147
149,148,146
146,145,143
143,143,141
142,142,140
140,139,137
139,138,136
135,135,135
134,134,134
134,134,134
134,134,134
134,134,134
132,132,132
132,132,132
132,132,132
132,132,132
132,132,132
138,137,135
136,135,133
136,135,133
136,135,133
146,145,141
153,152,148
149,148,144
142,141,137
146,145,140
155,154,149
156,155,150
153,152,147
153,152,148
151,150,146
146,145,141
147,146,142
152,151,149
143,142,140
129,128,126
124,123,121
116,115,113
110,109,107
112,111,107
124,123,119
151,150,148
139,138,136
120,119,115
125,124,119
133,130,125
132,129,124
124,121,116
129,126,121
149,145,142
155,154,152
159,158,156
157,156,154
154,153,151
151,150,148
151,150,148
149,148,146
145,144,142
142,141,139
144,143,141
149,148,146
148,147,145
145,144,142
143,143,141
142,142,140
140,139,137
138,137,135
134,134,134
134,134,134
134,134,134
133,133,133
132,132,132
131,131,131
132,132,132
132,132,132
131,131,131
131,131,131
141,140,136
140,139,135
139,138,134
140,139,135
150,149,145
152,151,147
144,143,139
145,144,140
155,154,150
166,165,161
169,168,164
167,166,162
170,169,165
164,163,159
159,158,154
151,150,146
150,149,145
134,133,129
118,114,113
119,118,116
115,114,112
121,121,119
129,130,125
134,135,130
150,150,148
138,138,136
132,131,127
143,140,135
137,132,128
132,125,119
123,116,110
125,120,114
147,144,139
157,153,150
156,155,153
155,154,152
153,152,150
151,150,148
150,149,147
149,148,146
145,144,142
142,141,139
139,139,137
145,145,143
145,145,143
144,144,142
143,143,143
141,141,141
140,139,137
138,137,135
134,134,134
133,133,133
133,133,133
133,133,133
131,131,131
131,131,131
132,132,132
131,131,131
130,130,130
129,129,129
153,152,148
154,153,149
156,155,151
160,159,155
163,162,158
161,160,156
159,158,154
161,160,156
163,162,158
166,165,161
169,168,164
167,166,162
169,168,164
166,165,161
163,162,158
161,160,156
153,152,148
137,136,132
125,121,120
122,121,119
125,124,122
139,139,137
140,141,136
139,139,137
148,148,148
148,148,146
145,144,140
152,149,144
146,141,137
138,131,125
126,119,111
117,110,102
141,138,133
155,151,148
154,153,151
154,153,151
153,152,150
150,149,147
149,148,146
148,147,145
145,144,142
142,141,139
138,138,136
142,142,140
145,145,143
144,144,142
143,143,143
141,141,141
141,140,138
138,137,135
134,134,134
132,132,132
132,132,132
132,132,132
131,131,131
131,131,131
131,131,131
131,131,131
130,130,130
129,129,129
154,153,149
155,154,150
164,163,159
170,169,165
167,166,162
164,163,159
163,162,158
164,163,159
160,159,155
155,154,150
155,154,150
155,154,150
156,155,151
157,156,152
155,154,150
160,159,155
157,156,152
151,150,146
141,140,136
136,135,131
138,137,133
149,150,145
141,143,140
128,130,127
140,140,140
145,145,145
143,142,140
144,139,136
138,130,127
134,125,120
124,115,108
114,107,99
137,134,129
152,151,147
153,152,150
153,152,150
153,152,150
150,149,147
148,147,145
146,145,143
144,143,141
142,141,139
139,138,136
140,139,137
143,143,141
144,144,142
143,142,140
142,141,139
140,138,139
136,134,135
134,134,134
131,131,131
130,130,130
131,131,131
131,131,131
131,131,131
131,131,131
130,130,130
130,130,130
128,128,128
156,155,151
159,158,154
164,163,159
170,169,165
170,169,165
167,166,162
165,164,160
166,165,161
164,163,159
162,161,157
162,161,157
162,161,157
163,162,158
163,162,158
155,154,150
155,154,150
152,151,147
155,154,150
157,156,152
155,154,150
157,156,152
159,160,155
145,147,144
130,132,129
128,128,128
120,120,120
117,116,114
124,120,117
120,112,109
124,115,110
119,110,103
109,100,93
135,132,127
151,150,146
152,151,147
152,151,149
152,151,149
150,149,147
148,147,145
146,145,143
144,143,141
141,140,138
139,138,136
136,135,133
140,140,138
142,142,140
143,142,140
141,140,138
139,137,138
136,134,135
133,133,133
131,131,131
131,131,131
131,131,131
131,131,131
132,132,132
130,130,130
129,129,129
130,130,130
127,127,127
155,154,150
156,155,151
153,152,147
159,158,153
166,162,159
164,160,157
155,154,149
150,149,144
152,151,147
154,153,149
153,152,148
153,152,148
153,152,148
153,152,148
152,151,146
146,145,141
137,136,132
146,145,143
151,150,146
153,152,148
156,155,151
155,156,151
140,142,139
126,128,125
127,127,127
107,107,107
98,97,95
112,108,107
108,100,98
112,103,98
110,101,94
107,100,92
134,131,124
150,149,145
153,152,148
152,151,147
151,150,148
150,149,147
146,145,143
144,143,141
143,142,140
141,140,138
136,136,134
133,133,131
135,136,131
140,140,138
142,142,140
140,140,140
137,137,137
134,134,134
133,133,133
131,131,131
130,130,130
130,130,130
131,131,131
129,129,129
129,129,129
130,130,130
129,129,129
126,126,126
146,145,141
144,143,139
137,136,131
145,144,139
154,150,147
151,147,144
137,136,131
127,126,121
130,129,125
134,133,129
132,131,127
130,129,125
131,130,126
132,131,127
141,140,135
140,139,135
134,133,129
141,140,138
144,143,139
144,143,139
153,152,148
153,154,149
132,134,131
119,121,118
128,128,126
119,119,117
109,108,106
116,112,109
115,110,107
113,105,102
103,96,90
100,95,89
129,126,121
147,146,142
151,150,146
150,149,145
151,150,148
149,148,146
145,144,142
143,142,140
142,141,139
141,140,138
136,136,134
133,133,131
132,133,128
138,138,136
140,140,140
139,139,139
137,137,137
134,134,134
132,132,132
130,130,130
130,130,130
130,130,130
129,129,129
129,129,129
129,129,129
129,129,129
128,128,128
126,126,126
157,156,152
157,156,152
155,154,150
157,156,152
159,158,154
157,156,152
154,153,148
152,151,146
153,152,147
154,153,148
154,153,149
152,151,147
151,150,148
144,143,141
146,145,141
141,140,136
144,143,139
156,155,151
161,160,156
163,162,158
164,165,160
162,163,158
142,144,139
125,127,124
129,129,127
129,129,127
129,128,126
133,129,126
133,129,126
127,122,119
116,111,107
108,105,100
123,122,118
144,143,141
150,149,147
150,149,147
150,149,147
148,147,145
144,143,141
142,141,139
140,139,137
139,138,136
135,133,134
133,131,132
130,129,127
135,134,132
138,138,138
138,138,138
135,135,135
133,133,133
131,131,131
128,128,128
129,129,129
130,130,130
129,129,129
128,128,128
128,128,128
128,128,128
127,127,127
125,125,125
166,165,161
165,164,160
165,164,160
164,163,159
166,165,161
164,163,159
164,163,158
165,164,159
165,164,159
165,164,159
165,164,160
164,163,159
162,161,157
157,156,152
156,155,151
151,150,146
152,151,147
157,156,152
160,159,155
162,161,157
166,165,161
160,161,156
141,142,137
117,119,114
111,112,107
117,116,112
122,121,117
127,123,120
131,127,124
131,130,126
116,115,111
103,102,100
108,107,105
134,133,131
148,147,145
149,148,146
149,148,146
148,147,145
143,142,140
141,140,138
139,138,136
138,137,135
136,134,135
133,131,132
128,127,125
130,129,127
135,135,135
137,137,137
135,135,135
133,133,133
130,130,130
129,129,129
128,128,128
129,129,129
128,128,128
127,127,127
127,127,127
127,127,127
126,126,126
124,124,124
165,164,160
161,160,156
157,156,152
160,159,155
159,158,154
149,148,144
144,143,139
146,145,141
147,146,142
147,146,142
149,148,143
149,148,144
146,145,141
155,154,150
156,155,151
152,151,146
149,148,144
144,143,139
142,141,137
144,143,139
157,156,151
149,148,143
123,124,118
103,104,98
91,90,85
98,97,92
105,104,99
109,108,104
120,119,115
128,127,125
112,111,109
91,90,88
96,95,93
129,128,126
145,145,143
146,146,144
148,147,145
146,145,143
144,143,141
140,139,137
137,136,134
138,137,135
136,135,133
133,132,130
127,127,127
126,126,126
132,132,130
135,135,133
134,134,134
132,132,132
130,130,130
128,128,128
128,128,128
128,128,128
127,127,127
127,127,127
126,126,126
125,125,125
125,125,125
123,123,123
163,162,158
161,160,156
156,155,151
159,158,154
160,159,155
155,154,150
151,150,146
151,150,146
153,152,148
153,152,148
154,153,149
151,150,146
147,146,142
157,156,152
156,155,150
154,153,148
156,155,151
152,151,147
152,151,147
154,153,149
160,159,155
153,152,147
132,131,126
126,127,121
122,121,116
125,124,119
125,124,119
123,122,118
125,125,123
127,127,125
107,107,107
94,94,94
107,106,104
130,129,127
144,144,142
145,145,143
146,145,143
145,144,142
143,142,140
140,139,137
136,135,133
136,135,133
134,133,131
132,131,129
128,128,128
125,125,125
129,129,127
133,133,131
132,132,132
131,131,131
129,129,129
128,128,128
127,127,127
128,128,128
127,127,127
126,126,126
125,125,125
124,124,124
123,123,123
122,122,122
155,154,152
159,158,156
158,157,155
159,158,156
161,160,158
159,158,156
158,157,155
159,158,156
158,157,155
160,159,157
160,159,157
157,156,154
154,153,151
159,158,156
153,152,148
153,152,148
160,159,157
161,160,158
161,160,158
161,160,158
162,161,159
160,159,157
153,152,150
150,149,145
149,148,144
146,145,141
154,155,150
147,147,145
141,140,138
136,134,135
107,105,108
90,88,91
97,97,97
120,120,120
142,141,139
146,145,143
146,145,143
148,147,145
143,142,140
139,138,136
134,134,132
133,133,131
132,132,132
130,130,130
128,128,128
124,124,124
124,126,125
129,131,130
132,132,132
130,130,130
128,128,128
127,127,127
127,127,127
127,127,127
126,126,126
125,125,125
125,125,125
123,123,123
123,123,123
121,121,121
148,147,145
149,148,146
149,148,146
150,149,147
151,150,148
151,150,148
151,150,148
152,151,149
152,150,151
153,151,152
153,152,150
149,148,146
144,143,141
150,149,147
143,142,138
142,141,137
149,148,146
150,149,147
151,150,148
150,149,147
150,150,148
149,149,147
150,149,147
149,148,146
149,148,144
142,141,139
159,159,157
159,159,159
148,146,147
142,140,141
107,105,108
77,77,79
72,72,72
105,105,105
140,139,137
145,144,142
146,145,143
149,148,146
144,143,141
139,138,136
133,133,131
131,131,129
131,131,131
129,129,129
127,127,127
125,125,125
122,124,123
126,128,127
131,131,131
130,130,130
128,128,128
126,126,126
127,127,127
127,127,127
125,125,125
124,124,124
123,123,123
122,122,122
121,121,121
120,120,120
145,145,145
145,145,145
147,147,147
148,148,148
149,149,149
149,149,149
149,149,149
151,151,151
151,151,151
151,151,151
151,151,151
147,147,147
139,139,139
141,141,141
134,133,131
136,135,133
144,142,143
145,143,144
146,144,145
146,144,145
145,143,144
145,143,144
144,144,144
145,145,145
144,143,141
140,139,137
152,152,152
155,155,157
140,140,142
133,133,135
103,103,105
70,70,72
70,70,70
102,102,102
138,137,135
144,143,139
144,143,141
149,148,146
146,142,143
141,137,138
133,132,130
130,129,127
130,130,130
128,128,128
126,126,126
125,125,125
121,121,121
123,123,123
129,129,129
129,129,129
126,126,126
126,126,126
127,127,127
125,125,125
124,124,124
124,124,124
122,122,122
121,121,121
120,120,120
120,120,120
144,144,144
144,144,144
145,145,145
148,148,148
148,148,148
149,149,149
148,148,148
149,149,149
149,149,149
150,150,150
150,150,150
144,144,144
136,136,136
140,140,140
134,133,131
135,134,132
136,134,135
135,133,134
134,132,133
137,135,136
142,140,141
143,141,142
144,144,144
145,145,145
143,142,140
140,138,139
150,150,152
148,148,150
123,123,125
110,110,112
87,88,90
76,77,79
69,69,71
94,94,94
135,134,132
143,142,138
142,141,139
148,147,145
147,143,144
136,134,135
132,131,129
129,128,126
129,129,129
127,127,127
125,125,125
124,124,124
122,122,122
127,127,127
129,129,129
128,128,128
127,127,127
125,125,125
125,125,125
125,125,125
123,123,123
123,123,123
121,121,121
120,120,120
119,119,119
119,119,119
142,142,144
144,144,146
144,144,146
145,145,147
147,147,149
147,147,149
147,147,149
147,147,149
147,147,149
148,148,150
148,148,148
142,142,142
137,135,136
141,139,140
135,133,134
133,131,132
123,122,120
109,108,106
110,108,109
124,122,123
137,135,138
142,140,143
144,142,145
143,141,144
139,137,138
135,133,134
144,144,146
141,141,143
111,112,116
95,96,101
86,87,92
94,95,99
83,83,85
94,94,94
134,133,131
142,141,139
140,139,137
145,144,142
145,144,142
136,135,133
131,129,130
127,127,127
127,125,126
126,124,125
125,125,125
123,123,123
126,126,126
142,142,142
135,135,135
125,125,125
125,125,125
124,124,124
123,123,123
123,123,123
122,122,122
122,122,122
121,121,121
120,120,120
119,119,119
117,117,117
140,140,142
142,142,144
142,142,144
138,138,140
134,134,136
140,140,142
141,141,143
139,139,141
141,141,143
141,141,143
138,138,138
130,130,130
131,131,131
140,138,139
133,131,132
132,130,131
130,129,127
126,125,123
127,125,126
131,129,130
139,137,140
140,138,141
137,137,139
133,133,133
130,128,129
128,126,127
140,140,140
137,137,139
99,100,104
80,81,85
71,72,77
91,92,96
92,92,94
103,103,103
134,133,131
142,141,139
139,138,136
142,141,139
144,143,141
136,135,133
130,130,130
126,126,126
126,124,125
127,125,126
124,124,124
122,122,122
122,122,122
147,147,147
143,143,143
124,124,124
124,124,124
123,123,123
123,123,123
122,122,122
122,122,122
121,121,121
120,120,120
119,119,119
118,118,118
117,117,117
139,141,140
139,141,140
142,142,142
132,132,132
117,118,120
131,132,134
132,133,135
124,125,127
133,134,138
136,137,139
123,125,124
102,102,102
113,113,113
134,134,134
128,128,128
129,129,129
128,128,126
125,125,123
125,125,125
129,129,129
135,133,136
129,129,131
119,121,120
104,106,105
102,102,102
106,106,104
126,125,123
132,132,132
102,104,103
74,75,77
61,65,68
79,80,85
82,81,86
99,99,99
132,131,129
141,140,136
135,135,133
140,140,138
143,142,140
136,135,133
129,129,129
125,125,125
122,122,122
123,123,123
123,123,123
121,121,121
119,119,119
137,137,137
145,145,145
127,127,127
124,124,124
123,123,123
122,122,122
121,121,121
120,120,120
120,120,120
120,120,120
118,118,118
116,116,116
115,115,115
138,140,139
138,140,139
140,140,140
132,132,132
111,112,114
120,121,123
125,126,128
113,114,116
122,123,127
127,128,130
115,116,118
93,95,94
109,109,109
132,132,132
126,126,126
125,125,125
115,115,113
101,101,99
100,100,100
114,114,114
128,126,129
114,114,116
90,92,91
73,75,74
66,66,64
73,73,71
102,101,99
134,133,131
135,135,135
97,99,98
64,65,69
65,66,70
55,55,57
81,81,81
127,126,124
140,139,135
134,134,132
135,135,133
142,141,139
136,135,133
127,127,127
124,124,124
122,122,122
122,122,122
122,122,122
120,120,120
119,119,119
123,123,123
145,145,145
133,133,133
121,121,121
122,122,122
121,121,121
120,120,120
119,119,119
119,119,119
117,117,117
116,116,116
115,115,115
114,114,114
138,138,140
138,138,140
139,139,141
134,134,136
120,120,122
121,121,123
125,125,127
123,123,125
125,125,127
128,128,130
126,126,128
120,120,122
121,119,120
135,133,134
128,126,127
127,125,126
119,117,118
108,106,107
106,106,106
115,115,115
125,125,125
110,110,110
86,87,89
81,82,84
75,75,75
80,80,80
97,95,96
131,129,130
146,145,143
116,116,116
90,90,92
76,76,78
65,65,67
84,84,84
127,126,124
139,138,136
135,134,132
133,132,130
139,138,136
134,133,131
127,127,127
122,124,123
121,121,121
121,121,121
120,120,122
119,119,121
116,116,116
116,116,116
141,141,141
141,141,141
120,120,120
120,120,120
120,120,120
119,119,119
119,119,119
117,117,117
117,117,117
116,116,116
114,114,114
113,113,113
137,137,139
136,136,138
140,140,142
136,136,138
134,134,136
134,134,136
138,138,140
138,138,140
139,139,141
139,139,141
140,140,142
135,135,137
128,126,127
134,132,133
127,125,126
124,122,123
114,112,113
97,95,96
95,95,95
110,110,110
123,123,123
111,111,111
89,90,92
81,82,84
70,70,70
67,67,67
79,77,78
106,104,105
123,122,120
112,110,111
102,100,101
89,87,88
74,74,74
96,96,96
128,127,125
140,139,137
134,133,131
131,130,128
133,132,130
129,129,127
126,126,126
122,124,123
119,119,119
119,119,119
119,119,121
117,117,119
116,116,116
114,114,114
129,129,129
145,145,145
126,126,126
117,117,117
118,118,118
117,117,117
117,117,117
116,116,116
116,116,116
115,115,115
113,113,113
112,112,112
133,133,135
135,135,137
137,137,137
134,134,134
129,129,131
130,130,132
131,131,133
132,132,134
132,132,132
132,132,132
129,129,129
128,128,128
124,124,124
132,132,132
126,126,126
124,124,124
126,126,128
123,123,125
122,122,122
123,123,123
127,127,127
124,124,124
111,113,112
95,97,96
97,97,99
105,105,107
101,101,101
95,95,95
117,117,117
125,123,124
110,108,109
77,75,76
59,59,59
94,94,94
126,125,123
136,135,133
133,132,130
130,129,127
128,128,126
126,126,124
124,124,124
122,122,122
119,119,119
117,117,117
117,117,117
116,116,116
115,115,115
112,112,112
115,115,115
143,143,143
133,133,133
116,116,116
117,117,117
115,115,115
115,115,115
115,115,115
114,114,114
113,113,113
111,111,111
111,111,111
131,131,133
132,132,134
133,133,133
129,129,129
114,114,116
115,115,117
107,107,109
97,97,99
91,91,91
92,92,92
92,92,92
90,90,90
107,107,107
130,130,130
123,123,123
120,120,120
119,119,119
115,115,117
114,114,114
117,117,117
125,125,125
129,129,129
125,127,126
112,114,113
112,112,114
117,117,119
109,109,109
92,92,92
102,102,102
116,116,116
105,103,104
76,74,75
81,81,81
105,105,105
125,124,122
134,133,131
131,130,128
128,127,125
125,125,123
125,125,123
123,123,123
122,122,122
117,117,117
116,116,116
115,115,115
115,115,115
114,114,114
111,111,111
107,107,107
133,133,133
139,139,139
117,117,117
116,116,116
115,115,115
114,114,114
113,113,113
113,113,113
112,112,112
111,111,111
110,110,110
130,130,130
131,131,131
132,132,132
127,127,127
106,106,108
105,105,107
94,94,94
81,81,81
73,73,73
76,76,76
75,75,77
74,74,76
94,94,94
124,124,124
118,118,116
112,112,112
103,103,103
89,89,89
82,82,84
89,89,91
115,113,116
132,130,133
122,122,122
103,103,103
99,99,101
105,105,107
105,103,104
92,90,91
92,92,94
92,92,94
83,81,84
64,62,63
86,86,86
111,111,111
125,124,122
133,132,130
131,130,128
127,126,124
125,125,123
123,123,121
122,122,122
120,120,120
116,116,116
113,113,113
113,113,113
113,113,113
113,113,113
110,110,110
106,106,106
117,117,117
139,139,139
123,123,123
112,112,112
114,114,114
112,112,112
112,112,112
112,112,112
111,111,111
110,110,110
109,109,109
130,130,130
130,130,130
132,132,132
129,129,129
112,112,114
107,107,109
110,110,110
109,109,109
107,107,107
109,109,109
109,109,111
103,103,105
98,98,98
115,115,115
108,108,106
103,103,101
107,107,107
103,103,103
95,95,97
94,94,96
107,105,108
118,118,120
120,120,120
111,111,111
107,107,109
106,106,108
107,105,106
99,97,98
99,99,101
89,89,91
79,77,80
62,60,63
82,82,82
110,110,110
123,122,120
131,130,128
131,130,128
126,125,123
123,123,121
122,122,120
121,121,121
119,119,119
116,116,116
114,114,114
111,111,111
112,112,112
112,112,112
110,110,110
106,106,106
106,106,106
134,134,134
130,130,130
112,112,112
112,112,112
111,111,111
111,111,111
111,111,111
110,110,110
108,108,108
107,107,107
129,129,131
130,130,132
131,131,133
133,133,135
127,127,129
125,125,127
128,128,130
130,130,132
131,131,133
131,131,133
128,128,130
123,123,125
115,115,117
124,124,126
116,116,116
111,111,111
120,120,120
122,122,122
120,120,120
119,119,119
121,121,121
121,121,121
122,122,122
120,122,121
114,116,115
115,115,115
115,113,114
117,115,116
115,115,117
91,90,95
71,69,72
53,51,54
50,50,50
92,92,92
120,119,117
129,128,126
129,128,126
125,124,122
121,121,119
120,120,118
119,119,119
117,117,117
115,115,115
113,113,113
110,110,110
110,110,110
111,111,111
108,108,108
105,105,105
104,104,104
123,123,123
138,138,138
114,114,114
110,110,110
110,110,110
110,110,110
110,110,110
109,109,109
107,107,107
106,106,106
123,123,125
127,127,129
130,130,132
130,130,132
125,125,127
125,125,127
127,127,129
127,127,129
127,127,129
127,127,129
126,126,128
122,122,124
115,115,117
122,122,124
116,116,116
113,113,113
117,117,117
115,115,115
113,113,113
114,114,114
118,118,118
120,120,120
119,121,120
113,115,114
108,110,109
110,110,110
111,109,110
93,91,92
75,75,77
63,62,67
53,51,54
46,44,47
57,57,57
96,96,96
120,119,117
127,126,124
129,128,126
124,123,121
118,118,116
116,116,114
117,117,117
115,115,115
114,114,114
111,111,111
109,109,109
107,107,107
109,109,109
106,106,106
105,105,105
103,103,103
108,108,108
137,137,137
123,123,123
107,107,107
109,109,109
109,109,109
107,107,107
106,106,106
105,105,105
105,105,105
119,119,121
124,124,126
128,128,130
126,126,128
109,109,111
110,110,112
101,101,103
96,96,98
91,91,93
91,91,93
93,93,93
93,93,93
97,97,97
118,118,118
114,114,114
110,110,110
99,99,99
82,82,82
80,80,80
89,89,89
106,106,106
112,112,112
105,107,106
92,94,93
91,91,91
96,96,96
99,97,98
84,82,83
55,55,57
43,43,45
52,52,54
77,77,79
108,108,108
117,117,117
121,120,118
125,124,122
128,127,125
123,122,120
117,117,117
115,115,115
115,115,115
114,114,114
111,111,111
110,110,110
106,106,106
106,106,106
105,105,105
105,105,105
103,103,103
101,101,101
101,101,101
128,128,128
129,129,131
107,107,109
107,107,107
107,107,107
106,106,108
105,105,107
104,104,106
103,103,105
115,115,117
121,121,123
124,124,126
124,124,126
102,102,104
96,96,98
86,86,88
75,75,77
71,71,73
72,72,74
75,75,75
80,80,80
89,89,89
115,115,115
112,112,112
109,109,109
103,103,103
92,92,92
87,87,87
87,87,87
97,97,97
91,91,91
75,77,76
56,58,57
45,47,46
53,53,53
67,65,66
72,70,71
62,62,62
61,61,63
83,83,85
105,105,105
120,120,120
119,119,119
119,118,116
123,122,120
126,125,123
122,121,119
115,115,115
114,114,114
114,114,114
111,111,111
111,111,111
107,107,107
105,105,105
103,103,103
103,103,103
104,104,104
103,103,103
100,100,100
97,97,97
113,113,113
133,133,135
112,112,114
105,105,105
104,104,104
105,105,107
104,104,106
103,103,105
102,102,104
115,115,117
119,119,121
121,121,123
120,120,122
107,107,109
96,96,98
99,99,101
96,96,98
96,96,98
99,99,101
95,95,95
97,97,97
97,97,99
114,114,116
107,107,107
103,103,103
92,92,90
72,72,70
71,71,71
83,83,83
95,95,95
83,83,83
69,71,70
68,70,69
63,65,62
67,67,65
76,75,73
76,74,75
69,67,68
68,66,67
81,81,81
97,97,97
112,112,112
115,115,113
116,116,114
120,120,118
123,123,121
118,118,116
114,114,114
112,112,112
112,112,112
111,111,111
109,109,109
107,107,107
104,104,104
103,103,103
102,102,102
102,102,102
101,101,101
97,97,97
96,96,96
100,100,100
131,131,133
120,120,122
101,101,101
104,104,104
102,102,102
102,102,102
101,101,101
100,100,100
113,113,115
117,117,119
121,121,123
122,122,124
121,121,123
120,120,122
121,121,123
121,121,123
122,122,124
121,121,123
120,120,120
119,119,119
110,110,112
112,112,114
101,101,101
94,94,94
88,88,86
78,78,76
81,81,81
87,87,87
97,97,97
84,86,85
67,71,70
65,69,68
55,57,54
46,48,45
63,63,61
81,80,78
73,71,72
57,55,56
57,57,57
69,69,69
93,93,91
107,107,105
113,113,111
116,116,114
122,122,120
120,120,118
113,113,113
110,110,110
110,110,110
109,109,109
107,107,107
105,105,105
102,102,102
101,101,101
100,100,100
100,100,100
99,99,99
97,97,97
95,95,95
94,94,94
121,121,123
128,128,130
103,103,103
101,101,101
101,101,101
101,101,101
100,100,100
99,99,99
